1 0.260937 0.107813 0.131250 0.131250
1 0.273438 0.309375 0.111563 0.111563
1 0.273438 0.484375 0.141094 0.141094
1 0.267188 0.679688 0.131250 0.131250
1 0.232813 0.873437 0.137813 0.137813
1 0.509375 0.315625 0.114844 0.114844
1 0.515625 0.492188 0.111563 0.111563
1 0.490625 0.681250 0.098437 0.098437
1 0.517188 0.859375 0.105000 0.105000
1 0.746875 0.320312 0.088594 0.088594
1 0.751563 0.476562 0.091875 0.091875
1 0.729688 0.676562 0.091875 0.091875
1 0.748437 0.854688 0.088594 0.088594
3 0.573438 0.767188 0.055000 0.055000
0 0.306250 0.646875 0.051562 0.051562
