1 0.246875 0.129688 0.114844 0.114844
1 0.259375 0.306250 0.118125 0.118125
1 0.268750 0.484375 0.121406 0.121406
1 0.268750 0.704688 0.082031 0.082031
1 0.248438 0.889062 0.144375 0.144375
1 0.512500 0.126562 0.085312 0.085312
1 0.514062 0.334375 0.131250 0.131250
1 0.501563 0.503125 0.131250 0.131250
1 0.503125 0.856250 0.095156 0.095156
1 0.737500 0.112500 0.118125 0.118125
1 0.731250 0.310937 0.141094 0.141094
1 0.771875 0.504687 0.144375 0.144375
1 0.773438 0.698438 0.118125 0.118125
1 0.743750 0.856250 0.105000 0.105000
0 0.123438 0.346875 0.113438 0.113438
0 0.731250 0.829688 0.116875 0.116875
3 0.707812 0.520312 0.068750 0.068750
0 0.715625 0.862500 0.103125 0.103125
2 0.081250 0.254688 0.075625 0.075625
