1 0.228125 0.112500 0.088594 0.088594
1 0.237500 0.309375 0.111563 0.111563
1 0.259375 0.478125 0.121406 0.121406
1 0.257812 0.664062 0.111563 0.111563
1 0.242188 0.862500 0.108281 0.108281
1 0.495312 0.125000 0.147656 0.147656
1 0.495312 0.314063 0.121406 0.121406
1 0.487500 0.512500 0.137813 0.137813
1 0.478125 0.682813 0.124687 0.124687
1 0.507812 0.853125 0.144375 0.144375
1 0.753125 0.332813 0.085312 0.085312
1 0.764062 0.487500 0.144375 0.144375
1 0.735938 0.693750 0.137813 0.137813
1 0.759375 0.882812 0.085312 0.085312
0 0.637500 0.882812 0.072188 0.072188
0 0.625000 0.595313 0.103125 0.103125
0 0.634375 0.634375 0.106563 0.106563
0 0.571875 0.735938 0.055000 0.055000
0 0.121875 0.757812 0.068750 0.068750
