1 0.260937 0.112500 0.101719 0.101719
1 0.229687 0.295312 0.131250 0.131250
1 0.239063 0.496875 0.127969 0.127969
1 0.259375 0.690625 0.111563 0.111563
1 0.228125 0.860938 0.111563 0.111563
1 0.506250 0.123438 0.105000 0.105000
1 0.496875 0.306250 0.098437 0.098437
1 0.523438 0.695312 0.108281 0.108281
1 0.479687 0.876563 0.082031 0.082031
1 0.750000 0.121875 0.108281 0.108281
1 0.739062 0.490625 0.114844 0.114844
1 0.765625 0.700000 0.088594 0.088594
1 0.750000 0.860938 0.095156 0.095156
3 0.689063 0.598437 0.051562 0.051562
0 0.893750 0.673438 0.082500 0.082500
0 0.659375 0.792188 0.096250 0.096250
0 0.525000 0.717187 0.055000 0.055000
