1 0.232813 0.129688 0.144375 0.144375
1 0.231250 0.304688 0.091875 0.091875
1 0.243750 0.493750 0.098437 0.098437
1 0.240625 0.667188 0.082031 0.082031
1 0.237500 0.893750 0.121406 0.121406
1 0.503125 0.128125 0.144375 0.144375
1 0.489063 0.325000 0.108281 0.108281
1 0.514062 0.496875 0.147656 0.147656
1 0.489063 0.664062 0.134531 0.134531
1 0.731250 0.135937 0.088594 0.088594
1 0.740625 0.484375 0.095156 0.095156
1 0.750000 0.695312 0.134531 0.134531
1 0.740625 0.865625 0.118125 0.118125
0 0.298438 0.856250 0.065313 0.065313
0 0.706250 0.084375 0.058438 0.058438
3 0.243750 0.826562 0.110000 0.110000
0 0.543750 0.243750 0.113438 0.113438
0 0.853125 0.284375 0.051562 0.051562
