1 0.256250 0.148438 0.147656 0.147656
1 0.259375 0.301563 0.127969 0.127969
1 0.245312 0.498437 0.144375 0.144375
1 0.246875 0.695312 0.118125 0.118125
1 0.251563 0.851562 0.147656 0.147656
1 0.479687 0.134375 0.127969 0.127969
1 0.487500 0.290625 0.124687 0.124687
1 0.492188 0.501563 0.127969 0.127969
1 0.523438 0.892188 0.105000 0.105000
1 0.742188 0.112500 0.082031 0.082031
1 0.759375 0.289062 0.124687 0.124687
1 0.751563 0.503125 0.147656 0.147656
1 0.765625 0.670312 0.091875 0.091875
1 0.728125 0.871875 0.095156 0.095156
0 0.164062 0.562500 0.068750 0.068750
0 0.493750 0.670312 0.085938 0.085938
2 0.260937 0.581250 0.096250 0.096250
