1 0.267188 0.114062 0.085312 0.085312
1 0.239063 0.300000 0.101719 0.101719
1 0.259375 0.484375 0.111563 0.111563
1 0.264062 0.698438 0.124687 0.124687
1 0.229687 0.856250 0.091875 0.091875
1 0.503125 0.131250 0.114844 0.114844
1 0.518750 0.328125 0.124687 0.124687
1 0.487500 0.500000 0.082031 0.082031
1 0.482812 0.887500 0.082031 0.082031
1 0.770312 0.303125 0.147656 0.147656
1 0.739062 0.512500 0.105000 0.105000
1 0.753125 0.698438 0.085312 0.085312
1 0.740625 0.887500 0.121406 0.121406
0 0.103125 0.159375 0.041250 0.041250
2 0.346875 0.515625 0.065313 0.065313
0 0.487500 0.809375 0.106563 0.106563
