1 0.234375 0.131250 0.147656 0.147656
1 0.242188 0.310937 0.098437 0.098437
1 0.246875 0.514062 0.082031 0.082031
1 0.226562 0.687500 0.141094 0.141094
1 0.257812 0.876563 0.121406 0.121406
1 0.484375 0.143750 0.082031 0.082031
1 0.512500 0.334375 0.082031 0.082031
1 0.481250 0.501563 0.121406 0.121406
1 0.495312 0.692187 0.141094 0.141094
1 0.487500 0.868750 0.137813 0.137813
1 0.737500 0.137500 0.108281 0.108281
1 0.765625 0.321875 0.141094 0.141094
1 0.740625 0.490625 0.111563 0.111563
1 0.739062 0.681250 0.095156 0.095156
1 0.748437 0.860938 0.137813 0.137813
2 0.131250 0.896875 0.089375 0.089375
0 0.271875 0.759375 0.092813 0.092813
0 0.521875 0.595313 0.082500 0.082500
0 0.310937 0.359375 0.089375 0.089375
