1 0.235937 0.146875 0.111563 0.111563
1 0.235937 0.329688 0.134531 0.134531
1 0.265625 0.510938 0.085312 0.085312
1 0.251563 0.684375 0.124687 0.124687
1 0.250000 0.871875 0.134531 0.134531
1 0.521875 0.121875 0.088594 0.088594
1 0.493750 0.332813 0.134531 0.134531
1 0.493750 0.510938 0.124687 0.124687
1 0.518750 0.700000 0.127969 0.127969
1 0.481250 0.893750 0.098437 0.098437
1 0.754687 0.112500 0.098437 0.098437
1 0.735938 0.335938 0.131250 0.131250
1 0.765625 0.495312 0.108281 0.108281
1 0.756250 0.670312 0.095156 0.095156
1 0.742188 0.878125 0.121406 0.121406
0 0.370312 0.781250 0.092813 0.092813
0 0.415625 0.593750 0.079063 0.079063
3 0.670312 0.656250 0.044688 0.044688
0 0.250000 0.903125 0.068750 0.068750
2 0.540625 0.081250 0.055000 0.055000
