1 0.268750 0.143750 0.085312 0.085312
1 0.240625 0.303125 0.144375 0.144375
1 0.265625 0.689063 0.147656 0.147656
1 0.250000 0.882812 0.095156 0.095156
1 0.495312 0.328125 0.091875 0.091875
1 0.520312 0.492188 0.111563 0.111563
1 0.481250 0.673438 0.098437 0.098437
1 0.515625 0.851562 0.127969 0.127969
1 0.739062 0.140625 0.131250 0.131250
1 0.726562 0.312500 0.101719 0.101719
1 0.756250 0.701562 0.127969 0.127969
1 0.732812 0.881250 0.137813 0.137813
0 0.762500 0.901563 0.075625 0.075625
0 0.423438 0.854688 0.113438 0.113438
0 0.723437 0.634375 0.113438 0.113438
0 0.573438 0.632812 0.075625 0.075625
2 0.264062 0.342187 0.079063 0.079063
0 0.751563 0.779687 0.048125 0.048125
