1 0.232813 0.118750 0.098437 0.098437
1 0.226562 0.515625 0.134531 0.134531
1 0.270313 0.854688 0.124687 0.124687
1 0.478125 0.332813 0.085312 0.085312
1 0.503125 0.500000 0.105000 0.105000
1 0.507812 0.689063 0.108281 0.108281
1 0.521875 0.898438 0.095156 0.095156
1 0.759375 0.132812 0.127969 0.127969
1 0.731250 0.290625 0.111563 0.111563
1 0.767188 0.509375 0.105000 0.105000
1 0.745313 0.681250 0.101719 0.101719
1 0.764062 0.870313 0.121406 0.121406
0 0.195312 0.517188 0.058438 0.058438
0 0.707812 0.117188 0.061875 0.061875
0 0.601562 0.620313 0.085938 0.085938
0 0.892188 0.628125 0.096250 0.096250
0 0.312500 0.554688 0.041250 0.041250
