1 0.268750 0.135937 0.105000 0.105000
1 0.243750 0.314063 0.134531 0.134531
1 0.229687 0.503125 0.118125 0.118125
1 0.237500 0.703125 0.082031 0.082031
1 0.234375 0.893750 0.111563 0.111563
1 0.517188 0.109375 0.141094 0.141094
1 0.479687 0.321875 0.144375 0.144375
1 0.523438 0.498437 0.134531 0.134531
1 0.496875 0.682813 0.108281 0.108281
1 0.515625 0.876563 0.134531 0.134531
1 0.729688 0.120313 0.144375 0.144375
1 0.770312 0.293750 0.098437 0.098437
1 0.760938 0.520312 0.108281 0.108281
1 0.757812 0.687500 0.134531 0.134531
1 0.759375 0.857812 0.091875 0.091875
0 0.121875 0.073438 0.061875 0.061875
2 0.921875 0.673438 0.120313 0.120313
2 0.831250 0.796875 0.103125 0.103125
0 0.854688 0.614062 0.048125 0.048125
0 0.121875 0.109375 0.096250 0.096250
0 0.512500 0.603125 0.096250 0.096250
