1 0.240625 0.295312 0.144375 0.144375
1 0.237500 0.496875 0.121406 0.121406
1 0.264062 0.687500 0.085312 0.085312
1 0.270313 0.868750 0.134531 0.134531
1 0.518750 0.129688 0.121406 0.121406
1 0.492188 0.318750 0.118125 0.118125
1 0.484375 0.489063 0.137813 0.137813
1 0.506250 0.703125 0.137813 0.137813
1 0.490625 0.889062 0.101719 0.101719
1 0.743750 0.107813 0.111563 0.111563
1 0.728125 0.335938 0.098437 0.098437
1 0.748437 0.506250 0.088594 0.088594
1 0.735938 0.684375 0.108281 0.108281
1 0.739062 0.889062 0.114844 0.114844
0 0.664062 0.757812 0.120313 0.120313
2 0.378125 0.096875 0.058438 0.058438
0 0.815625 0.556250 0.048125 0.048125
0 0.789062 0.932813 0.099688 0.099688
