1 0.250000 0.101562 0.137813 0.137813
1 0.248438 0.675000 0.101719 0.101719
1 0.242188 0.895312 0.088594 0.088594
1 0.496875 0.132812 0.147656 0.147656
1 0.514062 0.328125 0.082031 0.082031
1 0.495312 0.515625 0.134531 0.134531
1 0.503125 0.684375 0.091875 0.091875
1 0.500000 0.860938 0.141094 0.141094
1 0.728125 0.125000 0.144375 0.144375
1 0.734375 0.329688 0.114844 0.114844
1 0.771875 0.675000 0.141094 0.141094
1 0.753125 0.898438 0.098437 0.098437
0 0.548438 0.607812 0.085938 0.085938
2 0.448437 0.204687 0.089375 0.089375
2 0.385937 0.739062 0.051562 0.051562
0 0.284375 0.325000 0.048125 0.048125
3 0.739062 0.467187 0.048125 0.048125
