1 0.264062 0.481250 0.127969 0.127969
1 0.254688 0.704688 0.085312 0.085312
1 0.271875 0.895312 0.095156 0.095156
1 0.479687 0.135937 0.111563 0.111563
1 0.484375 0.332813 0.085312 0.085312
1 0.509375 0.495312 0.137813 0.137813
1 0.514062 0.684375 0.095156 0.095156
1 0.771875 0.115625 0.137813 0.137813
1 0.771875 0.306250 0.121406 0.121406
1 0.734375 0.512500 0.141094 0.141094
1 0.751563 0.871875 0.134531 0.134531
0 0.881250 0.146875 0.051562 0.051562
3 0.096875 0.785937 0.099688 0.099688
3 0.712500 0.896875 0.065313 0.065313
