1 0.231250 0.140625 0.147656 0.147656
1 0.248438 0.329688 0.141094 0.141094
1 0.239063 0.515625 0.124687 0.124687
1 0.270313 0.664062 0.134531 0.134531
1 0.239063 0.895312 0.134531 0.134531
1 0.476562 0.134375 0.121406 0.121406
1 0.482812 0.290625 0.082031 0.082031
1 0.478125 0.523438 0.085312 0.085312
1 0.493750 0.709375 0.085312 0.085312
1 0.745313 0.118750 0.137813 0.137813
1 0.728125 0.309375 0.101719 0.101719
1 0.735938 0.860938 0.085312 0.085312
0 0.229687 0.134375 0.082500 0.082500
0 0.142187 0.382812 0.120313 0.120313
0 0.570312 0.470313 0.079063 0.079063
