1 0.260937 0.139063 0.091875 0.091875
1 0.235937 0.321875 0.137813 0.137813
1 0.248438 0.478125 0.147656 0.147656
1 0.267188 0.668750 0.131250 0.131250
1 0.496875 0.118750 0.137813 0.137813
1 0.476562 0.335938 0.137813 0.137813
1 0.484375 0.479687 0.101719 0.101719
1 0.514062 0.867188 0.108281 0.108281
1 0.762500 0.139063 0.131250 0.131250
1 0.731250 0.331250 0.085312 0.085312
1 0.762500 0.890625 0.121406 0.121406
2 0.695312 0.732812 0.044688 0.044688
0 0.225000 0.493750 0.065313 0.065313
0 0.670312 0.576562 0.068750 0.068750
