1 0.265625 0.146875 0.108281 0.108281
1 0.245312 0.307812 0.134531 0.134531
1 0.232813 0.684375 0.091875 0.091875
1 0.267188 0.870313 0.127969 0.127969
1 0.500000 0.103125 0.131250 0.131250
1 0.507812 0.289062 0.085312 0.085312
1 0.481250 0.507812 0.095156 0.095156
1 0.484375 0.678125 0.101719 0.101719
1 0.485938 0.851562 0.134531 0.134531
1 0.759375 0.117188 0.124687 0.124687
1 0.746875 0.323437 0.101719 0.101719
1 0.770312 0.512500 0.141094 0.141094
1 0.746875 0.707812 0.085312 0.085312
1 0.726562 0.887500 0.105000 0.105000
0 0.750000 0.895312 0.072188 0.072188
0 0.757812 0.482812 0.058438 0.058438
2 0.695312 0.670312 0.072188 0.072188
2 0.146875 0.393750 0.099688 0.099688
