1 0.234375 0.125000 0.108281 0.108281
1 0.229687 0.290625 0.085312 0.085312
1 0.226562 0.481250 0.118125 0.118125
1 0.254688 0.695312 0.137813 0.137813
1 0.254688 0.871875 0.111563 0.111563
1 0.515625 0.323437 0.131250 0.131250
1 0.498437 0.489063 0.141094 0.141094
1 0.506250 0.668750 0.088594 0.088594
1 0.503125 0.882812 0.091875 0.091875
1 0.728125 0.103125 0.137813 0.137813
1 0.731250 0.320312 0.085312 0.085312
1 0.731250 0.496875 0.088594 0.088594
1 0.764062 0.696875 0.098437 0.098437
1 0.759375 0.898438 0.114844 0.114844
3 0.900000 0.893750 0.092813 0.092813
2 0.829688 0.864062 0.116875 0.116875
0 0.196875 0.565625 0.048125 0.048125
2 0.440625 0.109375 0.068750 0.068750
