1 0.254688 0.110937 0.111563 0.111563
1 0.232813 0.300000 0.118125 0.118125
1 0.240625 0.518750 0.134531 0.134531
1 0.246875 0.701562 0.095156 0.095156
1 0.242188 0.873437 0.134531 0.134531
1 0.485938 0.518750 0.131250 0.131250
1 0.512500 0.675000 0.114844 0.114844
1 0.489063 0.890625 0.141094 0.141094
1 0.742188 0.139063 0.144375 0.144375
1 0.746875 0.292187 0.127969 0.127969
1 0.732812 0.482812 0.137813 0.137813
1 0.731250 0.707812 0.127969 0.127969
1 0.728125 0.868750 0.098437 0.098437
0 0.679688 0.729688 0.089375 0.089375
2 0.331250 0.065625 0.048125 0.048125
2 0.420312 0.237500 0.110000 0.110000
2 0.918750 0.882812 0.065313 0.065313
0 0.814063 0.573438 0.055000 0.055000
0 0.342187 0.628125 0.096250 0.096250
