1 0.262500 0.120313 0.118125 0.118125
1 0.265625 0.321875 0.137813 0.137813
1 0.273438 0.515625 0.127969 0.127969
1 0.256250 0.875000 0.147656 0.147656
1 0.503125 0.106250 0.131250 0.131250
1 0.515625 0.521875 0.095156 0.095156
1 0.495312 0.710938 0.144375 0.144375
1 0.479687 0.854688 0.088594 0.088594
1 0.750000 0.125000 0.085312 0.085312
1 0.768750 0.318750 0.127969 0.127969
1 0.759375 0.489063 0.141094 0.141094
1 0.773438 0.664062 0.098437 0.098437
1 0.728125 0.853125 0.098437 0.098437
0 0.165625 0.445312 0.089375 0.089375
0 0.768750 0.554688 0.113438 0.113438
3 0.551562 0.520312 0.116875 0.116875
0 0.343750 0.681250 0.110000 0.110000
3 0.840625 0.787500 0.085938 0.085938
0 0.689063 0.073438 0.116875 0.116875
