1 0.268750 0.112500 0.141094 0.141094
1 0.243750 0.298438 0.101719 0.101719
1 0.229687 0.515625 0.082031 0.082031
1 0.271875 0.671875 0.082031 0.082031
1 0.260937 0.856250 0.121406 0.121406
1 0.500000 0.303125 0.111563 0.111563
1 0.485938 0.495312 0.141094 0.141094
1 0.501563 0.704688 0.144375 0.144375
1 0.484375 0.875000 0.118125 0.118125
1 0.770312 0.104688 0.095156 0.095156
1 0.753125 0.306250 0.095156 0.095156
1 0.745313 0.482812 0.144375 0.144375
1 0.768750 0.687500 0.105000 0.105000
1 0.773438 0.873437 0.147656 0.147656
0 0.654687 0.414062 0.106563 0.106563
0 0.189062 0.653125 0.075625 0.075625
