1 0.234375 0.104688 0.127969 0.127969
1 0.250000 0.301563 0.105000 0.105000
1 0.229687 0.504687 0.101719 0.101719
1 0.264062 0.676562 0.144375 0.144375
1 0.268750 0.853125 0.118125 0.118125
1 0.501563 0.123438 0.111563 0.111563
1 0.510938 0.292187 0.147656 0.147656
1 0.504687 0.518750 0.108281 0.108281
1 0.512500 0.859375 0.085312 0.085312
1 0.765625 0.335938 0.127969 0.127969
1 0.773438 0.518750 0.108281 0.108281
1 0.767188 0.685937 0.101719 0.101719
1 0.737500 0.898438 0.101719 0.101719
0 0.148438 0.103125 0.079063 0.079063
0 0.660937 0.915625 0.103125 0.103125
0 0.804688 0.470313 0.055000 0.055000
0 0.498437 0.548438 0.085938 0.085938
