1 0.253125 0.115625 0.131250 0.131250
1 0.259375 0.331250 0.147656 0.147656
1 0.262500 0.498437 0.141094 0.141094
1 0.243750 0.695312 0.105000 0.105000
1 0.260937 0.857812 0.147656 0.147656
1 0.482812 0.146875 0.144375 0.144375
1 0.523438 0.309375 0.124687 0.124687
1 0.517188 0.695312 0.131250 0.131250
1 0.510938 0.862500 0.137813 0.137813
1 0.734375 0.132812 0.108281 0.108281
1 0.759375 0.317188 0.085312 0.085312
1 0.773438 0.523438 0.121406 0.121406
0 0.185938 0.673438 0.048125 0.048125
0 0.746875 0.279687 0.068750 0.068750
2 0.603125 0.890625 0.116875 0.116875
0 0.373437 0.700000 0.092813 0.092813
