1 0.251563 0.329688 0.118125 0.118125
1 0.231250 0.520312 0.114844 0.114844
1 0.237500 0.676562 0.121406 0.121406
1 0.260937 0.864062 0.098437 0.098437
1 0.512500 0.107813 0.088594 0.088594
1 0.496875 0.303125 0.131250 0.131250
1 0.490625 0.515625 0.131250 0.131250
1 0.509375 0.710938 0.085312 0.085312
1 0.481250 0.870313 0.114844 0.114844
1 0.757812 0.134375 0.085312 0.085312
1 0.728125 0.301563 0.101719 0.101719
1 0.764062 0.498437 0.124687 0.124687
1 0.731250 0.890625 0.101719 0.101719
0 0.253125 0.640625 0.061875 0.061875
2 0.537500 0.937500 0.092813 0.092813
0 0.457813 0.767188 0.116875 0.116875
2 0.420312 0.317188 0.096250 0.096250
0 0.910937 0.489063 0.048125 0.048125
0 0.139063 0.125000 0.041250 0.041250
