1 0.257812 0.309375 0.121406 0.121406
1 0.260937 0.520312 0.085312 0.085312
1 0.245312 0.681250 0.127969 0.127969
1 0.260937 0.860938 0.121406 0.121406
1 0.489063 0.142187 0.105000 0.105000
1 0.476562 0.321875 0.124687 0.124687
1 0.496875 0.481250 0.141094 0.141094
1 0.510938 0.664062 0.105000 0.105000
1 0.504687 0.898438 0.127969 0.127969
1 0.765625 0.106250 0.124687 0.124687
1 0.767188 0.309375 0.082031 0.082031
1 0.748437 0.503125 0.141094 0.141094
1 0.734375 0.693750 0.111563 0.111563
1 0.760938 0.884375 0.085312 0.085312
0 0.728125 0.910937 0.099688 0.099688
0 0.909375 0.881250 0.120313 0.120313
3 0.239063 0.342187 0.075625 0.075625
0 0.351562 0.575000 0.103125 0.103125
0 0.848437 0.600000 0.044688 0.044688
