1 0.240625 0.107813 0.127969 0.127969
1 0.234375 0.506250 0.108281 0.108281
1 0.226562 0.690625 0.118125 0.118125
1 0.235937 0.896875 0.091875 0.091875
1 0.493750 0.140625 0.095156 0.095156
1 0.478125 0.310937 0.108281 0.108281
1 0.506250 0.692187 0.144375 0.144375
1 0.523438 0.873437 0.095156 0.095156
1 0.762500 0.148438 0.101719 0.101719
1 0.739062 0.303125 0.144375 0.144375
1 0.726562 0.498437 0.101719 0.101719
1 0.762500 0.693750 0.091875 0.091875
1 0.739062 0.876563 0.108281 0.108281
0 0.332813 0.503125 0.055000 0.055000
0 0.640625 0.512500 0.089375 0.089375
