1 0.268750 0.142187 0.127969 0.127969
1 0.256250 0.332813 0.141094 0.141094
1 0.240625 0.485938 0.108281 0.108281
1 0.509375 0.112500 0.091875 0.091875
1 0.514062 0.300000 0.114844 0.114844
1 0.476562 0.490625 0.101719 0.101719
1 0.512500 0.854688 0.108281 0.108281
1 0.757812 0.293750 0.124687 0.124687
1 0.751563 0.515625 0.127969 0.127969
1 0.737500 0.667188 0.127969 0.127969
1 0.737500 0.853125 0.137813 0.137813
0 0.334375 0.467187 0.103125 0.103125
0 0.623437 0.484375 0.116875 0.116875
0 0.471875 0.257812 0.103125 0.103125
2 0.165625 0.878125 0.085938 0.085938
