1 0.232813 0.120313 0.095156 0.095156
1 0.245312 0.331250 0.134531 0.134531
1 0.235937 0.481250 0.134531 0.134531
1 0.243750 0.700000 0.105000 0.105000
1 0.239063 0.882812 0.137813 0.137813
1 0.487500 0.137500 0.114844 0.114844
1 0.484375 0.310937 0.101719 0.101719
1 0.490625 0.668750 0.105000 0.105000
1 0.495312 0.876563 0.085312 0.085312
1 0.765625 0.132812 0.111563 0.111563
1 0.729688 0.335938 0.114844 0.114844
1 0.750000 0.481250 0.124687 0.124687
1 0.770312 0.709375 0.118125 0.118125
0 0.792188 0.415625 0.096250 0.096250
3 0.570312 0.460938 0.075625 0.075625
0 0.640625 0.685937 0.055000 0.055000
0 0.381250 0.687500 0.055000 0.055000
0 0.237500 0.104688 0.072188 0.072188
