1 0.245312 0.117188 0.131250 0.131250
1 0.253125 0.289062 0.124687 0.124687
1 0.273438 0.476562 0.141094 0.141094
1 0.243750 0.704688 0.108281 0.108281
1 0.253125 0.887500 0.121406 0.121406
1 0.476562 0.134375 0.111563 0.111563
1 0.500000 0.515625 0.101719 0.101719
1 0.501563 0.709375 0.144375 0.144375
1 0.482812 0.860938 0.147656 0.147656
1 0.757812 0.106250 0.098437 0.098437
1 0.734375 0.315625 0.141094 0.141094
1 0.751563 0.521875 0.147656 0.147656
1 0.751563 0.679688 0.101719 0.101719
1 0.767188 0.854688 0.134531 0.134531
3 0.109375 0.181250 0.065313 0.065313
0 0.425000 0.621875 0.092813 0.092813
2 0.309375 0.720313 0.096250 0.096250
0 0.098437 0.846875 0.092813 0.092813
