1 0.226562 0.101562 0.088594 0.088594
1 0.245312 0.289062 0.105000 0.105000
1 0.270313 0.482812 0.141094 0.141094
1 0.245312 0.701562 0.121406 0.121406
1 0.248438 0.885938 0.137813 0.137813
1 0.510938 0.137500 0.121406 0.121406
1 0.478125 0.331250 0.127969 0.127969
1 0.479687 0.517188 0.091875 0.091875
1 0.498437 0.695312 0.082031 0.082031
1 0.770312 0.139063 0.141094 0.141094
1 0.757812 0.318750 0.141094 0.141094
1 0.735938 0.500000 0.095156 0.095156
1 0.764062 0.693750 0.134531 0.134531
1 0.751563 0.887500 0.147656 0.147656
0 0.715625 0.664062 0.099688 0.099688
0 0.857812 0.237500 0.061875 0.061875
3 0.246875 0.145313 0.110000 0.110000
2 0.682813 0.676562 0.106563 0.106563
3 0.682813 0.878125 0.092813 0.092813
