1 0.267188 0.103125 0.082031 0.082031
1 0.256250 0.503125 0.118125 0.118125
1 0.260937 0.698438 0.105000 0.105000
1 0.242188 0.878125 0.095156 0.095156
1 0.485938 0.134375 0.101719 0.101719
1 0.523438 0.307812 0.121406 0.121406
1 0.478125 0.496875 0.144375 0.144375
1 0.479687 0.679688 0.091875 0.091875
1 0.504687 0.870313 0.144375 0.144375
1 0.729688 0.139063 0.091875 0.091875
1 0.742188 0.325000 0.088594 0.088594
1 0.764062 0.523438 0.098437 0.098437
1 0.737500 0.664062 0.114844 0.114844
1 0.740625 0.889062 0.121406 0.121406
2 0.318750 0.543750 0.110000 0.110000
0 0.378125 0.293750 0.113438 0.113438
2 0.160938 0.173437 0.082500 0.082500
0 0.640625 0.334375 0.110000 0.110000
