1 0.267188 0.120313 0.082031 0.082031
1 0.260937 0.310937 0.088594 0.088594
1 0.270313 0.492188 0.101719 0.101719
1 0.237500 0.690625 0.098437 0.098437
1 0.246875 0.867188 0.114844 0.114844
1 0.504687 0.131250 0.141094 0.141094
1 0.507812 0.331250 0.124687 0.124687
1 0.509375 0.500000 0.082031 0.082031
1 0.729688 0.510938 0.127969 0.127969
1 0.771875 0.710938 0.134531 0.134531
1 0.751563 0.860938 0.098437 0.098437
0 0.223438 0.914062 0.058438 0.058438
0 0.198437 0.803125 0.116875 0.116875
0 0.757812 0.426563 0.055000 0.055000
0 0.396875 0.779687 0.089375 0.089375
2 0.925000 0.400000 0.075625 0.075625
