1 0.246875 0.117188 0.121406 0.121406
1 0.262500 0.501563 0.137813 0.137813
1 0.253125 0.684375 0.137813 0.137813
1 0.246875 0.895312 0.091875 0.091875
1 0.479687 0.109375 0.124687 0.124687
1 0.512500 0.292187 0.108281 0.108281
1 0.503125 0.476562 0.137813 0.137813
1 0.481250 0.675000 0.137813 0.137813
1 0.476562 0.881250 0.144375 0.144375
1 0.734375 0.145313 0.088594 0.088594
1 0.743750 0.325000 0.111563 0.111563
1 0.759375 0.504687 0.141094 0.141094
1 0.735938 0.678125 0.131250 0.131250
1 0.734375 0.889062 0.144375 0.144375
0 0.262500 0.231250 0.089375 0.089375
0 0.335938 0.071875 0.082500 0.082500
