1 0.243750 0.146875 0.127969 0.127969
1 0.232813 0.517188 0.082031 0.082031
1 0.264062 0.896875 0.105000 0.105000
1 0.509375 0.128125 0.127969 0.127969
1 0.482812 0.306250 0.111563 0.111563
1 0.492188 0.704688 0.124687 0.124687
1 0.517188 0.853125 0.101719 0.101719
1 0.756250 0.121875 0.091875 0.091875
1 0.773438 0.326562 0.118125 0.118125
1 0.742188 0.523438 0.098437 0.098437
1 0.726562 0.667188 0.131250 0.131250
1 0.739062 0.878125 0.137813 0.137813
2 0.437500 0.921875 0.103125 0.103125
2 0.345313 0.331250 0.120313 0.120313
3 0.768750 0.476562 0.103125 0.103125
