1 0.245312 0.109375 0.141094 0.141094
1 0.226562 0.329688 0.127969 0.127969
1 0.245312 0.690625 0.147656 0.147656
1 0.265625 0.860938 0.108281 0.108281
1 0.518750 0.121875 0.137813 0.137813
1 0.485938 0.315625 0.144375 0.144375
1 0.501563 0.520312 0.088594 0.088594
1 0.476562 0.703125 0.141094 0.141094
1 0.501563 0.864062 0.127969 0.127969
1 0.760938 0.110937 0.121406 0.121406
1 0.760938 0.328125 0.118125 0.118125
1 0.768750 0.510938 0.095156 0.095156
1 0.731250 0.709375 0.124687 0.124687
1 0.764062 0.864062 0.131250 0.131250
0 0.185938 0.918750 0.058438 0.058438
0 0.696875 0.701562 0.061875 0.061875
0 0.157812 0.378125 0.072188 0.072188
0 0.659375 0.323437 0.044688 0.044688
0 0.803125 0.306250 0.113438 0.113438
