1 0.239063 0.101562 0.114844 0.114844
1 0.229687 0.315625 0.108281 0.108281
1 0.267188 0.709375 0.082031 0.082031
1 0.243750 0.884375 0.121406 0.121406
1 0.520312 0.128125 0.095156 0.095156
1 0.481250 0.323437 0.131250 0.131250
1 0.484375 0.507812 0.147656 0.147656
1 0.509375 0.679688 0.141094 0.141094
1 0.496875 0.887500 0.091875 0.091875
1 0.726562 0.140625 0.088594 0.088594
1 0.764062 0.335938 0.085312 0.085312
1 0.732812 0.501563 0.101719 0.101719
1 0.734375 0.689063 0.082031 0.082031
0 0.082812 0.850000 0.096250 0.096250
0 0.829688 0.114062 0.120313 0.120313
0 0.350000 0.234375 0.065313 0.065313
