1 0.271875 0.115625 0.082031 0.082031
1 0.246875 0.293750 0.141094 0.141094
1 0.234375 0.485938 0.088594 0.088594
1 0.240625 0.676562 0.137813 0.137813
1 0.226562 0.885938 0.137813 0.137813
1 0.507812 0.135937 0.114844 0.114844
1 0.478125 0.325000 0.141094 0.141094
1 0.476562 0.481250 0.114844 0.114844
1 0.495312 0.695312 0.082031 0.082031
1 0.489063 0.853125 0.108281 0.108281
1 0.770312 0.118750 0.118125 0.118125
1 0.765625 0.335938 0.118125 0.118125
1 0.757812 0.498437 0.131250 0.131250
1 0.731250 0.690625 0.137813 0.137813
3 0.171875 0.757812 0.092813 0.092813
2 0.076563 0.204687 0.061875 0.061875
