1 0.260937 0.126562 0.111563 0.111563
1 0.245312 0.304688 0.141094 0.141094
1 0.237500 0.489063 0.114844 0.114844
1 0.500000 0.326562 0.101719 0.101719
1 0.493750 0.495312 0.098437 0.098437
1 0.498437 0.710938 0.137813 0.137813
1 0.514062 0.881250 0.144375 0.144375
1 0.770312 0.145313 0.114844 0.114844
1 0.773438 0.298438 0.108281 0.108281
1 0.773438 0.487500 0.108281 0.108281
1 0.743750 0.701562 0.131250 0.131250
1 0.760938 0.868750 0.098437 0.098437
0 0.154688 0.309375 0.089375 0.089375
0 0.517188 0.676562 0.048125 0.048125
