1 0.254688 0.114062 0.121406 0.121406
1 0.237500 0.318750 0.124687 0.124687
1 0.237500 0.693750 0.108281 0.108281
1 0.248438 0.884375 0.085312 0.085312
1 0.512500 0.131250 0.111563 0.111563
1 0.517188 0.326562 0.131250 0.131250
1 0.478125 0.687500 0.114844 0.114844
1 0.503125 0.879687 0.101719 0.101719
1 0.756250 0.128125 0.101719 0.101719
1 0.743750 0.310937 0.137813 0.137813
1 0.770312 0.476562 0.085312 0.085312
1 0.757812 0.698438 0.118125 0.118125
1 0.745313 0.895312 0.147656 0.147656
0 0.729688 0.293750 0.065313 0.065313
0 0.192188 0.735938 0.041250 0.041250
0 0.267188 0.362500 0.116875 0.116875
0 0.131250 0.126562 0.068750 0.068750
2 0.507812 0.107813 0.044688 0.044688
0 0.181250 0.407813 0.089375 0.089375
