1 0.273438 0.107813 0.127969 0.127969
1 0.267188 0.323437 0.118125 0.118125
1 0.259375 0.487500 0.134531 0.134531
1 0.262500 0.684375 0.144375 0.144375
1 0.235937 0.871875 0.137813 0.137813
1 0.498437 0.137500 0.141094 0.141094
1 0.517188 0.320312 0.121406 0.121406
1 0.507812 0.515625 0.124687 0.124687
1 0.487500 0.881250 0.114844 0.114844
1 0.732812 0.123438 0.085312 0.085312
1 0.764062 0.479687 0.095156 0.095156
1 0.762500 0.684375 0.098437 0.098437
1 0.765625 0.896875 0.085312 0.085312
0 0.693750 0.235937 0.096250 0.096250
0 0.248438 0.928125 0.103125 0.103125
0 0.206250 0.729688 0.041250 0.041250
