1 0.239063 0.101562 0.131250 0.131250
1 0.234375 0.492188 0.111563 0.111563
1 0.234375 0.670312 0.121406 0.121406
1 0.235937 0.870313 0.127969 0.127969
1 0.476562 0.107813 0.124687 0.124687
1 0.496875 0.332813 0.121406 0.121406
1 0.498437 0.518750 0.098437 0.098437
1 0.517188 0.703125 0.144375 0.144375
1 0.476562 0.887500 0.137813 0.137813
1 0.770312 0.296875 0.098437 0.098437
1 0.737500 0.479687 0.108281 0.108281
1 0.734375 0.684375 0.147656 0.147656
0 0.390625 0.482812 0.113438 0.113438
0 0.323437 0.781250 0.089375 0.089375
