1 0.273438 0.114062 0.105000 0.105000
1 0.239063 0.303125 0.141094 0.141094
1 0.256250 0.484375 0.144375 0.144375
1 0.257812 0.879687 0.111563 0.111563
1 0.478125 0.128125 0.144375 0.144375
1 0.506250 0.321875 0.108281 0.108281
1 0.479687 0.514062 0.105000 0.105000
1 0.506250 0.871875 0.101719 0.101719
1 0.728125 0.107813 0.144375 0.144375
1 0.770312 0.290625 0.118125 0.118125
1 0.729688 0.690625 0.121406 0.121406
1 0.759375 0.864062 0.127969 0.127969
0 0.676562 0.598437 0.061875 0.061875
0 0.685937 0.931250 0.075625 0.075625
2 0.120313 0.173437 0.072188 0.072188
