1 0.729687 0.140625 0.098437 0.098437
1 0.753125 0.334375 0.121406 0.121406
1 0.737500 0.501563 0.085312 0.085312
1 0.771875 0.701562 0.098437 0.098437
1 0.734375 0.860938 0.124687 0.124687
1 0.523438 0.114062 0.098437 0.098437
1 0.481250 0.300000 0.088594 0.088594
1 0.481250 0.504687 0.108281 0.108281
1 0.509375 0.670312 0.131250 0.131250
1 0.495313 0.876563 0.147656 0.147656
1 0.248437 0.117188 0.111563 0.111563
1 0.245313 0.312500 0.147656 0.147656
1 0.268750 0.895312 0.124687 0.124687
0 0.618750 0.310937 0.096250 0.096250
0 0.095313 0.887500 0.103125 0.103125
2 0.470313 0.785937 0.096250 0.096250
2 0.893750 0.082812 0.075625 0.075625
0 0.165625 0.934375 0.110000 0.110000
2 0.353125 0.639062 0.072188 0.072188
