1 0.726562 0.107813 0.127969 0.127969
1 0.732812 0.323437 0.118125 0.118125
1 0.740625 0.487500 0.134531 0.134531
1 0.737500 0.684375 0.144375 0.144375
1 0.764063 0.871875 0.137813 0.137813
1 0.501563 0.137500 0.141094 0.141094
1 0.482812 0.320312 0.121406 0.121406
1 0.492188 0.515625 0.124687 0.124687
1 0.512500 0.881250 0.114844 0.114844
1 0.267188 0.123438 0.085312 0.085312
1 0.235938 0.479687 0.095156 0.095156
1 0.237500 0.684375 0.098437 0.098437
1 0.234375 0.896875 0.085312 0.085312
0 0.306250 0.235937 0.096250 0.096250
0 0.751562 0.928125 0.103125 0.103125
0 0.793750 0.729688 0.041250 0.041250
