1 0.731250 0.112500 0.141094 0.141094
1 0.756250 0.298438 0.101719 0.101719
1 0.770313 0.515625 0.082031 0.082031
1 0.728125 0.671875 0.082031 0.082031
1 0.739063 0.856250 0.121406 0.121406
1 0.500000 0.303125 0.111563 0.111563
1 0.514062 0.495312 0.141094 0.141094
1 0.498437 0.704688 0.144375 0.144375
1 0.515625 0.875000 0.118125 0.118125
1 0.229688 0.104688 0.095156 0.095156
1 0.246875 0.306250 0.095156 0.095156
1 0.254687 0.482812 0.144375 0.144375
1 0.231250 0.687500 0.105000 0.105000
1 0.226562 0.873437 0.147656 0.147656
0 0.345313 0.414062 0.106563 0.106563
0 0.810938 0.653125 0.075625 0.075625
