1 0.270313 0.140625 0.098437 0.098437
1 0.246875 0.334375 0.121406 0.121406
1 0.262500 0.501563 0.085312 0.085312
1 0.228125 0.701562 0.098437 0.098437
1 0.265625 0.860938 0.124687 0.124687
1 0.476562 0.114062 0.098437 0.098437
1 0.518750 0.300000 0.088594 0.088594
1 0.518750 0.504687 0.108281 0.108281
1 0.490625 0.670312 0.131250 0.131250
1 0.504687 0.876563 0.147656 0.147656
1 0.751563 0.117188 0.111563 0.111563
1 0.754687 0.312500 0.147656 0.147656
1 0.731250 0.895312 0.124687 0.124687
0 0.381250 0.310937 0.096250 0.096250
0 0.904687 0.887500 0.103125 0.103125
2 0.529687 0.785937 0.096250 0.096250
2 0.106250 0.082812 0.075625 0.075625
0 0.834375 0.934375 0.110000 0.110000
2 0.646875 0.639062 0.072188 0.072188
