1 0.732812 0.115625 0.108281 0.108281
1 0.764063 0.321875 0.147656 0.147656
1 0.760937 0.485938 0.137813 0.137813
1 0.745312 0.676562 0.147656 0.147656
1 0.767187 0.884375 0.124687 0.124687
1 0.517188 0.135937 0.147656 0.147656
1 0.479688 0.317188 0.131250 0.131250
1 0.504688 0.673438 0.088594 0.088594
1 0.479688 0.860938 0.101719 0.101719
1 0.267188 0.137500 0.124687 0.124687
1 0.264062 0.304688 0.121406 0.121406
1 0.228125 0.510938 0.147656 0.147656
1 0.232812 0.678125 0.147656 0.147656
1 0.246875 0.890625 0.118125 0.118125
2 0.798437 0.510938 0.085938 0.085938
2 0.429688 0.270313 0.048125 0.048125
0 0.167188 0.095312 0.116875 0.116875
