1 0.767187 0.307812 0.111563 0.111563
1 0.742188 0.476562 0.111563 0.111563
1 0.760937 0.689063 0.105000 0.105000
1 0.728125 0.864062 0.098437 0.098437
1 0.504688 0.146875 0.121406 0.121406
1 0.500000 0.334375 0.141094 0.141094
1 0.504688 0.492188 0.147656 0.147656
1 0.487500 0.664062 0.131250 0.131250
1 0.506250 0.878125 0.147656 0.147656
1 0.268750 0.112500 0.124687 0.124687
1 0.265625 0.320312 0.137813 0.137813
1 0.245313 0.667188 0.098437 0.098437
1 0.267188 0.854688 0.091875 0.091875
0 0.085938 0.159375 0.055000 0.055000
0 0.551563 0.465625 0.055000 0.055000
0 0.435937 0.318750 0.051562 0.051562
3 0.390625 0.600000 0.089375 0.089375
