1 0.250000 0.117188 0.124687 0.124687
1 0.232813 0.312500 0.085312 0.085312
1 0.262500 0.704688 0.105000 0.105000
1 0.242188 0.875000 0.127969 0.127969
1 0.517188 0.143750 0.121406 0.121406
1 0.498437 0.315625 0.137813 0.137813
1 0.482812 0.689063 0.147656 0.147656
1 0.490625 0.867188 0.127969 0.127969
1 0.740625 0.146875 0.118125 0.118125
1 0.759375 0.512500 0.108281 0.108281
1 0.740625 0.664062 0.141094 0.141094
1 0.728125 0.884375 0.134531 0.134531
0 0.770312 0.092188 0.092813 0.092813
0 0.337500 0.434375 0.082500 0.082500
0 0.209375 0.292187 0.096250 0.096250
2 0.362500 0.351562 0.106563 0.106563
0 0.226562 0.570312 0.089375 0.089375
0 0.303125 0.385937 0.048125 0.048125
