1 0.770313 0.107813 0.098437 0.098437
1 0.728125 0.320312 0.134531 0.134531
1 0.735938 0.479687 0.095156 0.095156
1 0.768750 0.687500 0.124687 0.124687
1 0.745312 0.862500 0.111563 0.111563
1 0.523438 0.121875 0.098437 0.098437
1 0.482812 0.303125 0.105000 0.105000
1 0.481250 0.504687 0.137813 0.137813
1 0.520313 0.698438 0.111563 0.111563
1 0.510937 0.887500 0.091875 0.091875
1 0.231250 0.143750 0.091875 0.091875
1 0.254687 0.326562 0.105000 0.105000
1 0.235938 0.706250 0.121406 0.121406
1 0.234375 0.895312 0.141094 0.141094
0 0.209375 0.856250 0.116875 0.116875
0 0.226562 0.128125 0.041250 0.041250
0 0.193750 0.232813 0.044688 0.044688
0 0.682812 0.642188 0.099688 0.099688
2 0.825000 0.551562 0.082500 0.082500
