1 0.771875 0.112500 0.088594 0.088594
1 0.762500 0.309375 0.111563 0.111563
1 0.740625 0.478125 0.121406 0.121406
1 0.742188 0.664062 0.111563 0.111563
1 0.757812 0.862500 0.108281 0.108281
1 0.504688 0.125000 0.147656 0.147656
1 0.504688 0.314063 0.121406 0.121406
1 0.512500 0.512500 0.137813 0.137813
1 0.521875 0.682813 0.124687 0.124687
1 0.492188 0.853125 0.144375 0.144375
1 0.246875 0.332813 0.085312 0.085312
1 0.235938 0.487500 0.144375 0.144375
1 0.264062 0.693750 0.137813 0.137813
1 0.240625 0.882812 0.085312 0.085312
0 0.362500 0.882812 0.072188 0.072188
0 0.375000 0.595313 0.103125 0.103125
0 0.365625 0.634375 0.106563 0.106563
0 0.428125 0.735938 0.055000 0.055000
0 0.878125 0.757812 0.068750 0.068750
