1 0.760937 0.125000 0.141094 0.141094
1 0.770313 0.292187 0.114844 0.114844
1 0.770313 0.492188 0.111563 0.111563
1 0.742188 0.707812 0.098437 0.098437
1 0.768750 0.878125 0.111563 0.111563
1 0.510937 0.101562 0.098437 0.098437
1 0.476562 0.317188 0.114844 0.114844
1 0.493750 0.501563 0.147656 0.147656
1 0.490625 0.881250 0.118125 0.118125
1 0.243750 0.129688 0.124687 0.124687
1 0.251563 0.329688 0.147656 0.147656
1 0.264062 0.698438 0.095156 0.095156
1 0.271875 0.867188 0.085312 0.085312
2 0.064063 0.350000 0.058438 0.058438
0 0.500000 0.306250 0.103125 0.103125
0 0.684375 0.162500 0.061875 0.061875
0 0.928125 0.481250 0.089375 0.089375
