1 0.234375 0.109375 0.082031 0.082031
1 0.245312 0.312500 0.082031 0.082031
1 0.228125 0.485938 0.088594 0.088594
1 0.262500 0.670312 0.118125 0.118125
1 0.267188 0.859375 0.098437 0.098437
1 0.510938 0.123438 0.137813 0.137813
1 0.515625 0.487500 0.137813 0.137813
1 0.485938 0.689063 0.091875 0.091875
1 0.509375 0.867188 0.127969 0.127969
1 0.729688 0.295312 0.124687 0.124687
1 0.754687 0.476562 0.095156 0.095156
1 0.735938 0.665625 0.121406 0.121406
1 0.750000 0.865625 0.114844 0.114844
0 0.273438 0.198437 0.096250 0.096250
0 0.559375 0.601562 0.048125 0.048125
0 0.378125 0.098437 0.089375 0.089375
