1 0.756250 0.101562 0.114844 0.114844
1 0.726562 0.334375 0.082031 0.082031
1 0.768750 0.503125 0.082031 0.082031
1 0.753125 0.667188 0.095156 0.095156
1 0.740625 0.895312 0.108281 0.108281
1 0.501563 0.107813 0.137813 0.137813
1 0.481250 0.289062 0.095156 0.095156
1 0.520313 0.671875 0.131250 0.131250
1 0.523438 0.884375 0.108281 0.108281
1 0.228125 0.101562 0.108281 0.108281
1 0.232812 0.323437 0.118125 0.118125
1 0.256250 0.707812 0.114844 0.114844
1 0.242188 0.853125 0.085312 0.085312
0 0.673438 0.140625 0.092813 0.092813
0 0.862500 0.376563 0.041250 0.041250
0 0.865625 0.712500 0.099688 0.099688
