1 0.268750 0.142187 0.101719 0.101719
1 0.239063 0.306250 0.118125 0.118125
1 0.228125 0.898438 0.101719 0.101719
1 0.481250 0.120313 0.144375 0.144375
1 0.479687 0.310937 0.134531 0.134531
1 0.478125 0.503125 0.124687 0.124687
1 0.512500 0.701562 0.147656 0.147656
1 0.493750 0.889062 0.124687 0.124687
1 0.735938 0.131250 0.114844 0.114844
1 0.737500 0.293750 0.147656 0.147656
1 0.746875 0.506250 0.121406 0.121406
1 0.751563 0.676562 0.121406 0.121406
1 0.762500 0.853125 0.105000 0.105000
0 0.598437 0.915625 0.079063 0.079063
0 0.312500 0.490625 0.041250 0.041250
0 0.315625 0.160938 0.068750 0.068750
0 0.212500 0.117188 0.041250 0.041250
0 0.223438 0.739062 0.061875 0.061875
0 0.901563 0.493750 0.116875 0.116875
