1 0.768750 0.123438 0.091875 0.091875
1 0.753125 0.317188 0.131250 0.131250
1 0.764063 0.481250 0.101719 0.101719
1 0.521875 0.139063 0.091875 0.091875
1 0.492188 0.329688 0.101719 0.101719
1 0.482812 0.500000 0.134531 0.134531
1 0.509375 0.664062 0.147656 0.147656
1 0.506250 0.879687 0.134531 0.134531
1 0.248437 0.131250 0.147656 0.147656
1 0.256250 0.310937 0.118125 0.118125
1 0.265625 0.492188 0.095156 0.095156
1 0.235938 0.710938 0.144375 0.144375
1 0.226562 0.860938 0.098437 0.098437
0 0.676563 0.085938 0.068750 0.068750
0 0.156250 0.698438 0.079063 0.079063
