1 0.757812 0.129688 0.131250 0.131250
1 0.765625 0.289062 0.124687 0.124687
1 0.753125 0.518750 0.131250 0.131250
1 0.726562 0.700000 0.101719 0.101719
1 0.759375 0.871875 0.144375 0.144375
1 0.492188 0.312500 0.101719 0.101719
1 0.523438 0.482812 0.131250 0.131250
1 0.517188 0.664062 0.105000 0.105000
1 0.485938 0.892188 0.095156 0.095156
1 0.262500 0.104688 0.088594 0.088594
1 0.234375 0.335938 0.141094 0.141094
1 0.265625 0.496875 0.098437 0.098437
1 0.226562 0.682813 0.114844 0.114844
1 0.251563 0.876563 0.105000 0.105000
0 0.098437 0.392188 0.092813 0.092813
3 0.470313 0.432812 0.082500 0.082500
3 0.523438 0.429688 0.110000 0.110000
0 0.528125 0.618750 0.051562 0.051562
