1 0.270313 0.143750 0.137813 0.137813
1 0.245312 0.292187 0.147656 0.147656
1 0.234375 0.523438 0.127969 0.127969
1 0.229687 0.709375 0.144375 0.144375
1 0.250000 0.853125 0.108281 0.108281
1 0.496875 0.139063 0.095156 0.095156
1 0.478125 0.320312 0.105000 0.105000
1 0.504687 0.493750 0.082031 0.082031
1 0.485938 0.692187 0.131250 0.131250
1 0.504687 0.856250 0.091875 0.091875
1 0.745313 0.110937 0.091875 0.091875
1 0.729688 0.309375 0.098437 0.098437
1 0.743750 0.484375 0.144375 0.144375
1 0.731250 0.678125 0.147656 0.147656
0 0.510938 0.751563 0.041250 0.041250
3 0.489063 0.276562 0.068750 0.068750
0 0.732812 0.898438 0.103125 0.103125
0 0.756250 0.353125 0.068750 0.068750
0 0.685937 0.409375 0.061875 0.061875
