1 0.770313 0.129688 0.085312 0.085312
1 0.768750 0.289062 0.144375 0.144375
1 0.759375 0.521875 0.105000 0.105000
1 0.729687 0.670312 0.082031 0.082031
1 0.484375 0.132812 0.134531 0.134531
1 0.481250 0.489063 0.131250 0.131250
1 0.476562 0.864062 0.095156 0.095156
1 0.228125 0.121875 0.114844 0.114844
1 0.231250 0.335938 0.085312 0.085312
1 0.270312 0.692187 0.124687 0.124687
1 0.267188 0.882812 0.144375 0.144375
0 0.410937 0.334375 0.055000 0.055000
0 0.532813 0.620313 0.058438 0.058438
2 0.112500 0.843750 0.082500 0.082500
2 0.732812 0.856250 0.055000 0.055000
3 0.132812 0.653125 0.044688 0.044688
