1 0.240625 0.121875 0.105000 0.105000
1 0.254688 0.504687 0.134531 0.134531
1 0.229687 0.707812 0.137813 0.137813
1 0.257812 0.868750 0.147656 0.147656
1 0.520312 0.106250 0.098437 0.098437
1 0.521875 0.295312 0.121406 0.121406
1 0.512500 0.707812 0.091875 0.091875
1 0.492188 0.856250 0.137813 0.137813
1 0.745313 0.146875 0.111563 0.111563
1 0.737500 0.331250 0.137813 0.137813
1 0.737500 0.476562 0.121406 0.121406
1 0.754687 0.675000 0.085312 0.085312
1 0.762500 0.887500 0.091875 0.091875
2 0.101562 0.845313 0.044688 0.044688
0 0.342187 0.803125 0.068750 0.068750
3 0.484375 0.182812 0.106563 0.106563
