1 0.757812 0.109375 0.121406 0.121406
1 0.771875 0.318750 0.147656 0.147656
1 0.743750 0.515625 0.134531 0.134531
1 0.760937 0.892188 0.147656 0.147656
1 0.496875 0.125000 0.141094 0.141094
1 0.492188 0.306250 0.111563 0.111563
1 0.492188 0.478125 0.118125 0.118125
1 0.487500 0.665625 0.088594 0.088594
1 0.523438 0.859375 0.141094 0.141094
1 0.271875 0.142187 0.085312 0.085312
1 0.240625 0.479687 0.095156 0.095156
1 0.246875 0.679688 0.144375 0.144375
1 0.260938 0.882812 0.095156 0.095156
2 0.314063 0.250000 0.110000 0.110000
0 0.492188 0.815625 0.068750 0.068750
