1 0.262500 0.120313 0.101719 0.101719
1 0.254688 0.518750 0.147656 0.147656
1 0.257812 0.670312 0.111563 0.111563
1 0.251563 0.879687 0.105000 0.105000
1 0.482812 0.135937 0.098437 0.098437
1 0.510938 0.292187 0.121406 0.121406
1 0.487500 0.518750 0.141094 0.141094
1 0.506250 0.684375 0.134531 0.134531
1 0.495312 0.892188 0.098437 0.098437
1 0.748437 0.137500 0.134531 0.134531
1 0.729688 0.309375 0.095156 0.095156
1 0.767188 0.478125 0.098437 0.098437
1 0.737500 0.673438 0.095156 0.095156
1 0.742188 0.868750 0.134531 0.134531
0 0.212500 0.321875 0.099688 0.099688
2 0.156250 0.318750 0.116875 0.116875
0 0.207813 0.778125 0.072188 0.072188
