1 0.759375 0.295312 0.144375 0.144375
1 0.762500 0.496875 0.121406 0.121406
1 0.735938 0.687500 0.085312 0.085312
1 0.729687 0.868750 0.134531 0.134531
1 0.481250 0.129688 0.121406 0.121406
1 0.507812 0.318750 0.118125 0.118125
1 0.515625 0.489063 0.137813 0.137813
1 0.493750 0.703125 0.137813 0.137813
1 0.509375 0.889062 0.101719 0.101719
1 0.256250 0.107813 0.111563 0.111563
1 0.271875 0.335938 0.098437 0.098437
1 0.251563 0.506250 0.088594 0.088594
1 0.264062 0.684375 0.108281 0.108281
1 0.260938 0.889062 0.114844 0.114844
0 0.335938 0.757812 0.120313 0.120313
2 0.621875 0.096875 0.058438 0.058438
0 0.184375 0.556250 0.048125 0.048125
0 0.210938 0.932813 0.099688 0.099688
