1 0.767187 0.139063 0.085312 0.085312
1 0.759375 0.292187 0.137813 0.137813
1 0.748437 0.523438 0.101719 0.101719
1 0.773438 0.710938 0.121406 0.121406
1 0.496875 0.115625 0.147656 0.147656
1 0.520313 0.321875 0.144375 0.144375
1 0.521875 0.478125 0.144375 0.144375
1 0.232812 0.106250 0.108281 0.108281
1 0.232812 0.296875 0.121406 0.121406
1 0.253125 0.503125 0.131250 0.131250
1 0.254687 0.695312 0.114844 0.114844
1 0.226562 0.865625 0.111563 0.111563
0 0.325000 0.531250 0.058438 0.058438
0 0.904688 0.101562 0.075625 0.075625
0 0.595313 0.437500 0.075625 0.075625
3 0.778125 0.676562 0.041250 0.041250
0 0.378125 0.135937 0.075625 0.075625
0 0.548438 0.559375 0.075625 0.075625
