1 0.734375 0.146875 0.108281 0.108281
1 0.754688 0.307812 0.134531 0.134531
1 0.767187 0.684375 0.091875 0.091875
1 0.732812 0.870313 0.127969 0.127969
1 0.500000 0.103125 0.131250 0.131250
1 0.492188 0.289062 0.085312 0.085312
1 0.518750 0.507812 0.095156 0.095156
1 0.515625 0.678125 0.101719 0.101719
1 0.514062 0.851562 0.134531 0.134531
1 0.240625 0.117188 0.124687 0.124687
1 0.253125 0.323437 0.101719 0.101719
1 0.229688 0.512500 0.141094 0.141094
1 0.253125 0.707812 0.085312 0.085312
1 0.273438 0.887500 0.105000 0.105000
0 0.250000 0.895312 0.072188 0.072188
0 0.242188 0.482812 0.058438 0.058438
2 0.304688 0.670312 0.072188 0.072188
2 0.853125 0.393750 0.099688 0.099688
