1 0.760937 0.145313 0.118125 0.118125
1 0.773438 0.482812 0.095156 0.095156
1 0.740625 0.665625 0.101719 0.101719
1 0.745312 0.895312 0.091875 0.091875
1 0.492188 0.128125 0.114844 0.114844
1 0.509375 0.326562 0.144375 0.144375
1 0.507812 0.496875 0.095156 0.095156
1 0.496875 0.896875 0.141094 0.141094
1 0.259375 0.307812 0.098437 0.098437
1 0.264062 0.495312 0.131250 0.131250
1 0.240625 0.678125 0.127969 0.127969
1 0.253125 0.892188 0.082031 0.082031
0 0.743750 0.204687 0.106563 0.106563
0 0.398438 0.921875 0.065313 0.065313
0 0.431250 0.184375 0.068750 0.068750
2 0.887500 0.754687 0.065313 0.065313
0 0.540625 0.310937 0.092813 0.092813
