1 0.743750 0.131250 0.121406 0.121406
1 0.743750 0.521875 0.095156 0.095156
1 0.756250 0.701562 0.091875 0.091875
1 0.773438 0.857812 0.131250 0.131250
1 0.518750 0.134375 0.137813 0.137813
1 0.509375 0.306250 0.127969 0.127969
1 0.503125 0.514062 0.095156 0.095156
1 0.498437 0.709375 0.121406 0.121406
1 0.521875 0.878125 0.137813 0.137813
1 0.245313 0.310937 0.137813 0.137813
1 0.256250 0.489063 0.118125 0.118125
1 0.234375 0.668750 0.127969 0.127969
1 0.245313 0.870313 0.101719 0.101719
0 0.210938 0.106250 0.096250 0.096250
0 0.592187 0.670312 0.113438 0.113438
0 0.868750 0.640625 0.041250 0.041250
