1 0.743750 0.148438 0.147656 0.147656
1 0.740625 0.301563 0.127969 0.127969
1 0.754688 0.498437 0.144375 0.144375
1 0.753125 0.695312 0.118125 0.118125
1 0.748437 0.851562 0.147656 0.147656
1 0.520313 0.134375 0.127969 0.127969
1 0.512500 0.290625 0.124687 0.124687
1 0.507812 0.501563 0.127969 0.127969
1 0.476562 0.892188 0.105000 0.105000
1 0.257812 0.112500 0.082031 0.082031
1 0.240625 0.289062 0.124687 0.124687
1 0.248437 0.503125 0.147656 0.147656
1 0.234375 0.670312 0.091875 0.091875
1 0.271875 0.871875 0.095156 0.095156
0 0.835938 0.562500 0.068750 0.068750
0 0.506250 0.670312 0.085938 0.085938
2 0.739063 0.581250 0.096250 0.096250
