1 0.243750 0.101562 0.114844 0.114844
1 0.273438 0.334375 0.082031 0.082031
1 0.231250 0.503125 0.082031 0.082031
1 0.246875 0.667188 0.095156 0.095156
1 0.259375 0.895312 0.108281 0.108281
1 0.498437 0.107813 0.137813 0.137813
1 0.518750 0.289062 0.095156 0.095156
1 0.479687 0.671875 0.131250 0.131250
1 0.476562 0.884375 0.108281 0.108281
1 0.771875 0.101562 0.108281 0.108281
1 0.767188 0.323437 0.118125 0.118125
1 0.743750 0.707812 0.114844 0.114844
1 0.757812 0.853125 0.085312 0.085312
0 0.326562 0.140625 0.092813 0.092813
0 0.137500 0.376563 0.041250 0.041250
0 0.134375 0.712500 0.099688 0.099688
