1 0.265625 0.109375 0.134531 0.134531
1 0.239063 0.317188 0.088594 0.088594
1 0.270313 0.493750 0.124687 0.124687
1 0.264062 0.681250 0.082031 0.082031
1 0.235937 0.856250 0.121406 0.121406
1 0.498437 0.143750 0.091875 0.091875
1 0.504687 0.323437 0.105000 0.105000
1 0.482812 0.518750 0.098437 0.098437
1 0.485938 0.704688 0.088594 0.088594
1 0.479687 0.854688 0.105000 0.105000
1 0.745313 0.143750 0.127969 0.127969
1 0.750000 0.301563 0.091875 0.091875
1 0.771875 0.479687 0.114844 0.114844
1 0.753125 0.706250 0.127969 0.127969
1 0.767188 0.895312 0.105000 0.105000
0 0.148438 0.206250 0.085938 0.085938
2 0.495312 0.901563 0.089375 0.089375
0 0.537500 0.675000 0.058438 0.058438
2 0.360938 0.515625 0.092813 0.092813
