1 0.745312 0.123438 0.141094 0.141094
1 0.754688 0.310937 0.137813 0.137813
1 0.748437 0.510938 0.111563 0.111563
1 0.732812 0.871875 0.144375 0.144375
1 0.500000 0.106250 0.124687 0.124687
1 0.515625 0.321875 0.095156 0.095156
1 0.520313 0.520312 0.127969 0.127969
1 0.521875 0.703125 0.088594 0.088594
1 0.242188 0.126562 0.105000 0.105000
1 0.260938 0.309375 0.088594 0.088594
1 0.253125 0.481250 0.127969 0.127969
1 0.267188 0.693750 0.131250 0.131250
0 0.900000 0.410938 0.103125 0.103125
0 0.300000 0.807813 0.068750 0.068750
0 0.354688 0.329688 0.096250 0.096250
0 0.703125 0.531250 0.082500 0.082500
0 0.862500 0.246875 0.116875 0.116875
