1 0.271875 0.104688 0.147656 0.147656
1 0.250000 0.304688 0.137813 0.137813
1 0.239063 0.506250 0.134531 0.134531
1 0.253125 0.696875 0.111563 0.111563
1 0.251563 0.867188 0.134531 0.134531
1 0.482812 0.123438 0.114844 0.114844
1 0.489063 0.304688 0.082031 0.082031
1 0.517188 0.509375 0.114844 0.114844
1 0.509375 0.703125 0.091875 0.091875
1 0.478125 0.862500 0.114844 0.114844
1 0.726562 0.103125 0.114844 0.114844
1 0.767188 0.295312 0.082031 0.082031
1 0.745313 0.501563 0.141094 0.141094
1 0.753125 0.685937 0.114844 0.114844
1 0.767188 0.896875 0.134531 0.134531
2 0.593750 0.881250 0.055000 0.055000
0 0.348438 0.765625 0.113438 0.113438
0 0.840625 0.687500 0.061875 0.061875
0 0.837500 0.076563 0.089375 0.089375
3 0.245312 0.526563 0.051562 0.051562
0 0.685937 0.690625 0.075625 0.075625
