1 0.762500 0.101562 0.091875 0.091875
1 0.740625 0.306250 0.095156 0.095156
1 0.764063 0.503125 0.131250 0.131250
1 0.745312 0.689063 0.085312 0.085312
1 0.726562 0.859375 0.091875 0.091875
1 0.512500 0.135937 0.124687 0.124687
1 0.501563 0.296875 0.144375 0.144375
1 0.485938 0.478125 0.137813 0.137813
1 0.506250 0.664062 0.121406 0.121406
1 0.235938 0.145313 0.147656 0.147656
1 0.234375 0.301563 0.088594 0.088594
1 0.251563 0.506250 0.124687 0.124687
1 0.240625 0.709375 0.105000 0.105000
1 0.271875 0.876563 0.111563 0.111563
0 0.131250 0.515625 0.044688 0.044688
2 0.126563 0.904687 0.065313 0.065313
2 0.081250 0.754687 0.092813 0.092813
3 0.335938 0.562500 0.041250 0.041250
