1 0.753125 0.129688 0.114844 0.114844
1 0.740625 0.306250 0.118125 0.118125
1 0.731250 0.484375 0.121406 0.121406
1 0.731250 0.704688 0.082031 0.082031
1 0.751562 0.889062 0.144375 0.144375
1 0.487500 0.126562 0.085312 0.085312
1 0.485938 0.334375 0.131250 0.131250
1 0.498437 0.503125 0.131250 0.131250
1 0.496875 0.856250 0.095156 0.095156
1 0.262500 0.112500 0.118125 0.118125
1 0.268750 0.310937 0.141094 0.141094
1 0.228125 0.504687 0.144375 0.144375
1 0.226562 0.698438 0.118125 0.118125
1 0.256250 0.856250 0.105000 0.105000
0 0.876562 0.346875 0.113438 0.113438
0 0.268750 0.829688 0.116875 0.116875
3 0.292188 0.520312 0.068750 0.068750
0 0.284375 0.862500 0.103125 0.103125
2 0.918750 0.254688 0.075625 0.075625
