1 0.726562 0.145313 0.111563 0.111563
1 0.762500 0.306250 0.134531 0.134531
1 0.771875 0.489063 0.091875 0.091875
1 0.728125 0.710938 0.085312 0.085312
1 0.729687 0.854688 0.105000 0.105000
1 0.498437 0.106250 0.144375 0.144375
1 0.492188 0.289062 0.105000 0.105000
1 0.489062 0.512500 0.082031 0.082031
1 0.484375 0.681250 0.147656 0.147656
1 0.257812 0.476562 0.105000 0.105000
1 0.240625 0.703125 0.114844 0.114844
1 0.232812 0.860938 0.101719 0.101719
0 0.440625 0.726562 0.085938 0.085938
0 0.104688 0.073438 0.089375 0.089375
0 0.190625 0.437500 0.044688 0.044688
3 0.826563 0.831250 0.058438 0.058438
0 0.787500 0.754687 0.061875 0.061875
