1 0.731250 0.142187 0.101719 0.101719
1 0.760937 0.306250 0.118125 0.118125
1 0.771875 0.898438 0.101719 0.101719
1 0.518750 0.120313 0.144375 0.144375
1 0.520313 0.310937 0.134531 0.134531
1 0.521875 0.503125 0.124687 0.124687
1 0.487500 0.701562 0.147656 0.147656
1 0.506250 0.889062 0.124687 0.124687
1 0.264062 0.131250 0.114844 0.114844
1 0.262500 0.293750 0.147656 0.147656
1 0.253125 0.506250 0.121406 0.121406
1 0.248437 0.676562 0.121406 0.121406
1 0.237500 0.853125 0.105000 0.105000
0 0.401563 0.915625 0.079063 0.079063
0 0.687500 0.490625 0.041250 0.041250
0 0.684375 0.160938 0.068750 0.068750
0 0.787500 0.117188 0.041250 0.041250
0 0.776562 0.739062 0.061875 0.061875
0 0.098437 0.493750 0.116875 0.116875
