1 0.734375 0.137500 0.147656 0.147656
1 0.770313 0.314063 0.105000 0.105000
1 0.731250 0.509375 0.114844 0.114844
1 0.731250 0.679688 0.144375 0.144375
1 0.765625 0.878125 0.124687 0.124687
1 0.501563 0.145313 0.124687 0.124687
1 0.507812 0.295312 0.105000 0.105000
1 0.482812 0.518750 0.114844 0.114844
1 0.509375 0.693750 0.091875 0.091875
1 0.503125 0.868750 0.131250 0.131250
1 0.229688 0.320312 0.124687 0.124687
1 0.254687 0.498437 0.095156 0.095156
1 0.257812 0.693750 0.127969 0.127969
0 0.434375 0.782813 0.120313 0.120313
3 0.796875 0.332813 0.055000 0.055000
0 0.703125 0.121875 0.055000 0.055000
0 0.814062 0.659375 0.120313 0.120313
0 0.764063 0.465625 0.055000 0.055000
0 0.281250 0.889062 0.106563 0.106563
