1 0.756250 0.135937 0.118125 0.118125
1 0.768750 0.704688 0.127969 0.127969
1 0.750000 0.851562 0.105000 0.105000
1 0.515625 0.145313 0.131250 0.131250
1 0.506250 0.298438 0.105000 0.105000
1 0.496875 0.515625 0.105000 0.105000
1 0.503125 0.689063 0.141094 0.141094
1 0.489062 0.867188 0.088594 0.088594
1 0.268750 0.118750 0.091875 0.091875
1 0.246875 0.304688 0.127969 0.127969
1 0.242188 0.481250 0.098437 0.098437
1 0.235938 0.675000 0.121406 0.121406
1 0.251563 0.890625 0.137813 0.137813
0 0.401563 0.495312 0.085938 0.085938
0 0.848438 0.750000 0.110000 0.110000
