1 0.756250 0.137500 0.111563 0.111563
1 0.764063 0.304688 0.111563 0.111563
1 0.726562 0.476562 0.124687 0.124687
1 0.739063 0.875000 0.101719 0.101719
1 0.493750 0.101562 0.147656 0.147656
1 0.507812 0.334375 0.118125 0.118125
1 0.515625 0.676562 0.085312 0.085312
1 0.487500 0.854688 0.137813 0.137813
1 0.257812 0.135937 0.098437 0.098437
1 0.226562 0.334375 0.088594 0.088594
1 0.273438 0.504687 0.137813 0.137813
1 0.262500 0.682813 0.111563 0.111563
1 0.264062 0.873437 0.082031 0.082031
0 0.593750 0.651563 0.044688 0.044688
2 0.475000 0.601562 0.051562 0.051562
0 0.070312 0.584375 0.048125 0.048125
0 0.278125 0.092188 0.075625 0.075625
2 0.881250 0.882812 0.089375 0.089375
0 0.579688 0.582812 0.072188 0.072188
