1 0.760937 0.301563 0.095156 0.095156
1 0.754688 0.490625 0.082031 0.082031
1 0.729687 0.710938 0.134531 0.134531
1 0.759375 0.853125 0.114844 0.114844
1 0.523438 0.110937 0.144375 0.144375
1 0.484375 0.314063 0.147656 0.147656
1 0.496875 0.501563 0.098437 0.098437
1 0.515625 0.667188 0.141094 0.141094
1 0.492188 0.859375 0.082031 0.082031
1 0.256250 0.703125 0.082031 0.082031
1 0.248437 0.890625 0.127969 0.127969
0 0.120313 0.098437 0.099688 0.099688
3 0.564063 0.196875 0.103125 0.103125
0 0.418750 0.214062 0.092813 0.092813
0 0.068750 0.262500 0.082500 0.082500
0 0.448438 0.659375 0.072188 0.072188
