1 0.265625 0.137500 0.147656 0.147656
1 0.229687 0.314063 0.105000 0.105000
1 0.268750 0.509375 0.114844 0.114844
1 0.268750 0.679688 0.144375 0.144375
1 0.234375 0.878125 0.124687 0.124687
1 0.498437 0.145313 0.124687 0.124687
1 0.492188 0.295312 0.105000 0.105000
1 0.517188 0.518750 0.114844 0.114844
1 0.490625 0.693750 0.091875 0.091875
1 0.496875 0.868750 0.131250 0.131250
1 0.770312 0.320312 0.124687 0.124687
1 0.745313 0.498437 0.095156 0.095156
1 0.742188 0.693750 0.127969 0.127969
0 0.565625 0.782813 0.120313 0.120313
3 0.203125 0.332813 0.055000 0.055000
0 0.296875 0.121875 0.055000 0.055000
0 0.185938 0.659375 0.120313 0.120313
0 0.235937 0.465625 0.055000 0.055000
0 0.718750 0.889062 0.106563 0.106563
