1 0.759375 0.139063 0.098437 0.098437
1 0.743750 0.298438 0.108281 0.108281
1 0.737500 0.479687 0.124687 0.124687
1 0.496875 0.128125 0.095156 0.095156
1 0.512500 0.514062 0.088594 0.088594
1 0.487500 0.667188 0.134531 0.134531
1 0.490625 0.890625 0.111563 0.111563
1 0.268750 0.107813 0.134531 0.134531
1 0.245313 0.329688 0.134531 0.134531
1 0.268750 0.501563 0.127969 0.127969
1 0.256250 0.701562 0.144375 0.144375
1 0.231250 0.873437 0.085312 0.085312
0 0.315625 0.321875 0.051562 0.051562
0 0.084375 0.229687 0.096250 0.096250
2 0.534375 0.298438 0.079063 0.079063
0 0.073438 0.090625 0.065313 0.065313
