1 0.753125 0.103125 0.088594 0.088594
1 0.764063 0.304688 0.111563 0.111563
1 0.731250 0.518750 0.101719 0.101719
1 0.734375 0.693750 0.134531 0.134531
1 0.773438 0.867188 0.134531 0.134531
1 0.482812 0.146875 0.137813 0.137813
1 0.501563 0.310937 0.105000 0.105000
1 0.507812 0.507812 0.114844 0.114844
1 0.484375 0.667188 0.095156 0.095156
1 0.251563 0.106250 0.134531 0.134531
1 0.248437 0.303125 0.131250 0.131250
1 0.239062 0.484375 0.098437 0.098437
1 0.265625 0.707812 0.105000 0.105000
1 0.251563 0.865625 0.088594 0.088594
2 0.267188 0.712500 0.106563 0.106563
0 0.539062 0.195312 0.085938 0.085938
2 0.676563 0.485938 0.072188 0.072188
0 0.590625 0.179688 0.106563 0.106563
