1 0.728125 0.115625 0.082031 0.082031
1 0.753125 0.293750 0.141094 0.141094
1 0.765625 0.485938 0.088594 0.088594
1 0.759375 0.676562 0.137813 0.137813
1 0.773438 0.885938 0.137813 0.137813
1 0.492188 0.135937 0.114844 0.114844
1 0.521875 0.325000 0.141094 0.141094
1 0.523438 0.481250 0.114844 0.114844
1 0.504688 0.695312 0.082031 0.082031
1 0.510937 0.853125 0.108281 0.108281
1 0.229688 0.118750 0.118125 0.118125
1 0.234375 0.335938 0.118125 0.118125
1 0.242188 0.498437 0.131250 0.131250
1 0.268750 0.690625 0.137813 0.137813
3 0.828125 0.757812 0.092813 0.092813
2 0.923437 0.204687 0.061875 0.061875
