1 0.740625 0.126562 0.111563 0.111563
1 0.765625 0.321875 0.085312 0.085312
1 0.767187 0.479687 0.088594 0.088594
1 0.771875 0.670312 0.134531 0.134531
1 0.726562 0.862500 0.127969 0.127969
1 0.517188 0.106250 0.147656 0.147656
1 0.500000 0.290625 0.144375 0.144375
1 0.481250 0.690625 0.137813 0.137813
1 0.509375 0.895312 0.127969 0.127969
1 0.251563 0.104688 0.137813 0.137813
1 0.239062 0.296875 0.121406 0.121406
1 0.253125 0.514062 0.101719 0.101719
1 0.262500 0.685937 0.134531 0.134531
1 0.265625 0.885938 0.134531 0.134531
0 0.703125 0.125000 0.092813 0.092813
0 0.915625 0.840625 0.058438 0.058438
0 0.731250 0.164062 0.089375 0.089375
0 0.282813 0.562500 0.106563 0.106563
3 0.870312 0.787500 0.092813 0.092813
