1 0.765625 0.134375 0.085312 0.085312
1 0.762500 0.334375 0.141094 0.141094
1 0.762500 0.503125 0.124687 0.124687
1 0.731250 0.704688 0.127969 0.127969
1 0.759375 0.879687 0.095156 0.095156
1 0.517188 0.310937 0.082031 0.082031
1 0.501563 0.521875 0.131250 0.131250
1 0.485938 0.710938 0.085312 0.085312
1 0.229688 0.143750 0.108281 0.108281
1 0.259375 0.304688 0.137813 0.137813
1 0.231250 0.485938 0.131250 0.131250
1 0.229688 0.875000 0.085312 0.085312
3 0.470313 0.323437 0.110000 0.110000
2 0.460938 0.831250 0.110000 0.110000
