1 0.231250 0.104688 0.141094 0.141094
1 0.256250 0.476562 0.082031 0.082031
1 0.270313 0.703125 0.144375 0.144375
1 0.265625 0.881250 0.141094 0.141094
1 0.507812 0.125000 0.147656 0.147656
1 0.521875 0.309375 0.085312 0.085312
1 0.498437 0.695312 0.141094 0.141094
1 0.518750 0.876563 0.098437 0.098437
1 0.746875 0.114062 0.141094 0.141094
1 0.773438 0.318750 0.118125 0.118125
1 0.765625 0.482812 0.105000 0.105000
1 0.732812 0.676562 0.127969 0.127969
1 0.754687 0.889062 0.085312 0.085312
3 0.934375 0.307812 0.120313 0.120313
3 0.604688 0.767188 0.113438 0.113438
2 0.606250 0.568750 0.099688 0.099688
2 0.543750 0.121875 0.082500 0.082500
0 0.659375 0.668750 0.072188 0.072188
0 0.228125 0.640625 0.092813 0.092813
