1 0.770313 0.137500 0.095156 0.095156
1 0.745312 0.306250 0.131250 0.131250
1 0.753125 0.496875 0.144375 0.144375
1 0.760937 0.679688 0.091875 0.091875
1 0.765625 0.875000 0.114844 0.114844
1 0.476562 0.140625 0.091875 0.091875
1 0.481250 0.317188 0.085312 0.085312
1 0.495313 0.707812 0.105000 0.105000
1 0.504688 0.882812 0.114844 0.114844
1 0.250000 0.117188 0.088594 0.088594
1 0.229688 0.307812 0.082031 0.082031
1 0.273438 0.501563 0.101719 0.101719
1 0.239062 0.664062 0.105000 0.105000
1 0.259375 0.862500 0.147656 0.147656
0 0.479688 0.184375 0.096250 0.096250
0 0.667187 0.264062 0.089375 0.089375
