1 0.750000 0.112500 0.137813 0.137813
1 0.773438 0.310937 0.082031 0.082031
1 0.746875 0.864062 0.131250 0.131250
1 0.504688 0.114062 0.134531 0.134531
1 0.489062 0.320312 0.124687 0.124687
1 0.487500 0.493750 0.131250 0.131250
1 0.490625 0.695312 0.101719 0.101719
1 0.245313 0.126562 0.127969 0.127969
1 0.270312 0.504687 0.108281 0.108281
1 0.243750 0.681250 0.147656 0.147656
3 0.596875 0.481250 0.061875 0.061875
0 0.603125 0.395313 0.085938 0.085938
0 0.403125 0.093750 0.085938 0.085938
0 0.625000 0.189062 0.082500 0.082500
