1 0.768750 0.104688 0.141094 0.141094
1 0.743750 0.476562 0.082031 0.082031
1 0.729687 0.703125 0.144375 0.144375
1 0.734375 0.881250 0.141094 0.141094
1 0.492188 0.125000 0.147656 0.147656
1 0.478125 0.309375 0.085312 0.085312
1 0.501563 0.695312 0.141094 0.141094
1 0.481250 0.876563 0.098437 0.098437
1 0.253125 0.114062 0.141094 0.141094
1 0.226562 0.318750 0.118125 0.118125
1 0.234375 0.482812 0.105000 0.105000
1 0.267188 0.676562 0.127969 0.127969
1 0.245313 0.889062 0.085312 0.085312
3 0.065625 0.307812 0.120313 0.120313
3 0.395312 0.767188 0.113438 0.113438
2 0.393750 0.568750 0.099688 0.099688
2 0.456250 0.121875 0.082500 0.082500
0 0.340625 0.668750 0.072188 0.072188
0 0.771875 0.640625 0.092813 0.092813
