1 0.743750 0.112500 0.134531 0.134531
1 0.750000 0.315625 0.141094 0.141094
1 0.773438 0.479687 0.118125 0.118125
1 0.729687 0.696875 0.118125 0.118125
1 0.757812 0.892188 0.131250 0.131250
1 0.489062 0.101562 0.121406 0.121406
1 0.485938 0.495312 0.147656 0.147656
1 0.510937 0.696875 0.114844 0.114844
1 0.246875 0.146875 0.111563 0.111563
1 0.240625 0.323437 0.098437 0.098437
1 0.265625 0.485938 0.127969 0.127969
1 0.245313 0.864062 0.124687 0.124687
0 0.764063 0.773438 0.120313 0.120313
0 0.487500 0.612500 0.089375 0.089375
0 0.453125 0.450000 0.103125 0.103125
0 0.298438 0.145313 0.055000 0.055000
