1 0.740625 0.104688 0.095156 0.095156
1 0.739063 0.490625 0.111563 0.111563
1 0.743750 0.685937 0.105000 0.105000
1 0.490625 0.107813 0.088594 0.088594
1 0.523438 0.290625 0.098437 0.098437
1 0.484375 0.485938 0.085312 0.085312
1 0.506250 0.700000 0.121406 0.121406
1 0.506250 0.881250 0.127969 0.127969
1 0.250000 0.121875 0.082031 0.082031
1 0.235938 0.331250 0.095156 0.095156
1 0.229688 0.509375 0.085312 0.085312
1 0.256250 0.710938 0.131250 0.131250
1 0.259375 0.859375 0.134531 0.134531
0 0.756250 0.925000 0.085938 0.085938
3 0.932813 0.140625 0.092813 0.092813
0 0.773438 0.218750 0.044688 0.044688
2 0.903125 0.178125 0.103125 0.103125
