1 0.229687 0.137500 0.095156 0.095156
1 0.254688 0.306250 0.131250 0.131250
1 0.246875 0.496875 0.144375 0.144375
1 0.239063 0.679688 0.091875 0.091875
1 0.234375 0.875000 0.114844 0.114844
1 0.523438 0.140625 0.091875 0.091875
1 0.518750 0.317188 0.085312 0.085312
1 0.504687 0.707812 0.105000 0.105000
1 0.495312 0.882812 0.114844 0.114844
1 0.750000 0.117188 0.088594 0.088594
1 0.770312 0.307812 0.082031 0.082031
1 0.726562 0.501563 0.101719 0.101719
1 0.760938 0.664062 0.105000 0.105000
1 0.740625 0.862500 0.147656 0.147656
0 0.520312 0.184375 0.096250 0.096250
0 0.332813 0.264062 0.089375 0.089375
