1 0.251563 0.101562 0.144375 0.144375
1 0.246875 0.306250 0.085312 0.085312
1 0.228125 0.515625 0.082031 0.082031
1 0.248438 0.703125 0.124687 0.124687
1 0.501563 0.121875 0.121406 0.121406
1 0.520312 0.331250 0.121406 0.121406
1 0.492188 0.523438 0.082031 0.082031
1 0.492188 0.860938 0.141094 0.141094
1 0.739062 0.103125 0.095156 0.095156
1 0.743750 0.334375 0.111563 0.111563
1 0.729688 0.501563 0.105000 0.105000
1 0.754687 0.675000 0.114844 0.114844
1 0.756250 0.896875 0.098437 0.098437
0 0.614062 0.526563 0.099688 0.099688
0 0.934375 0.834375 0.089375 0.089375
0 0.759375 0.584375 0.085938 0.085938
0 0.500000 0.884375 0.106563 0.106563
0 0.290625 0.820312 0.106563 0.106563
0 0.350000 0.678125 0.048125 0.048125
