1 0.734375 0.109375 0.134531 0.134531
1 0.760937 0.317188 0.088594 0.088594
1 0.729687 0.493750 0.124687 0.124687
1 0.735938 0.681250 0.082031 0.082031
1 0.764063 0.856250 0.121406 0.121406
1 0.501563 0.143750 0.091875 0.091875
1 0.495313 0.323437 0.105000 0.105000
1 0.517188 0.518750 0.098437 0.098437
1 0.514062 0.704688 0.088594 0.088594
1 0.520313 0.854688 0.105000 0.105000
1 0.254687 0.143750 0.127969 0.127969
1 0.250000 0.301563 0.091875 0.091875
1 0.228125 0.479687 0.114844 0.114844
1 0.246875 0.706250 0.127969 0.127969
1 0.232812 0.895312 0.105000 0.105000
0 0.851562 0.206250 0.085938 0.085938
2 0.504688 0.901563 0.089375 0.089375
0 0.462500 0.675000 0.058438 0.058438
2 0.639062 0.515625 0.092813 0.092813
