1 0.737500 0.120313 0.118125 0.118125
1 0.734375 0.321875 0.137813 0.137813
1 0.726562 0.515625 0.127969 0.127969
1 0.743750 0.875000 0.147656 0.147656
1 0.496875 0.106250 0.131250 0.131250
1 0.484375 0.521875 0.095156 0.095156
1 0.504688 0.710938 0.144375 0.144375
1 0.520313 0.854688 0.088594 0.088594
1 0.250000 0.125000 0.085312 0.085312
1 0.231250 0.318750 0.127969 0.127969
1 0.240625 0.489063 0.141094 0.141094
1 0.226562 0.664062 0.098437 0.098437
1 0.271875 0.853125 0.098437 0.098437
0 0.834375 0.445312 0.089375 0.089375
0 0.231250 0.554688 0.113438 0.113438
3 0.448438 0.520312 0.116875 0.116875
0 0.656250 0.681250 0.110000 0.110000
3 0.159375 0.787500 0.085938 0.085938
0 0.310937 0.073438 0.116875 0.116875
