1 0.229687 0.107813 0.098437 0.098437
1 0.271875 0.320312 0.134531 0.134531
1 0.264062 0.479687 0.095156 0.095156
1 0.231250 0.687500 0.124687 0.124687
1 0.254688 0.862500 0.111563 0.111563
1 0.476562 0.121875 0.098437 0.098437
1 0.517188 0.303125 0.105000 0.105000
1 0.518750 0.504687 0.137813 0.137813
1 0.479687 0.698438 0.111563 0.111563
1 0.489063 0.887500 0.091875 0.091875
1 0.768750 0.143750 0.091875 0.091875
1 0.745313 0.326562 0.105000 0.105000
1 0.764062 0.706250 0.121406 0.121406
1 0.765625 0.895312 0.141094 0.141094
0 0.790625 0.856250 0.116875 0.116875
0 0.773438 0.128125 0.041250 0.041250
0 0.806250 0.232813 0.044688 0.044688
0 0.317188 0.642188 0.099688 0.099688
2 0.175000 0.551562 0.082500 0.082500
