1 0.735938 0.481250 0.127969 0.127969
1 0.745312 0.704688 0.085312 0.085312
1 0.728125 0.895312 0.095156 0.095156
1 0.520313 0.135937 0.111563 0.111563
1 0.515625 0.332813 0.085312 0.085312
1 0.490625 0.495312 0.137813 0.137813
1 0.485938 0.684375 0.095156 0.095156
1 0.228125 0.115625 0.137813 0.137813
1 0.228125 0.306250 0.121406 0.121406
1 0.265625 0.512500 0.141094 0.141094
1 0.248437 0.871875 0.134531 0.134531
0 0.118750 0.146875 0.051562 0.051562
3 0.903125 0.785937 0.099688 0.099688
3 0.287500 0.896875 0.065313 0.065313
