1 0.759375 0.121875 0.105000 0.105000
1 0.745312 0.504687 0.134531 0.134531
1 0.770313 0.707812 0.137813 0.137813
1 0.742188 0.868750 0.147656 0.147656
1 0.479688 0.106250 0.098437 0.098437
1 0.478125 0.295312 0.121406 0.121406
1 0.487500 0.707812 0.091875 0.091875
1 0.507812 0.856250 0.137813 0.137813
1 0.254687 0.146875 0.111563 0.111563
1 0.262500 0.331250 0.137813 0.137813
1 0.262500 0.476562 0.121406 0.121406
1 0.245313 0.675000 0.085312 0.085312
1 0.237500 0.887500 0.091875 0.091875
2 0.898438 0.845313 0.044688 0.044688
0 0.657813 0.803125 0.068750 0.068750
3 0.515625 0.182812 0.106563 0.106563
