1 0.734375 0.148438 0.118125 0.118125
1 0.743750 0.317188 0.118125 0.118125
1 0.739063 0.700000 0.105000 0.105000
1 0.728125 0.890625 0.144375 0.144375
1 0.496875 0.140625 0.091875 0.091875
1 0.515625 0.300000 0.091875 0.091875
1 0.478125 0.709375 0.105000 0.105000
1 0.231250 0.290625 0.095156 0.095156
1 0.226562 0.485938 0.144375 0.144375
1 0.239062 0.693750 0.095156 0.095156
1 0.262500 0.895312 0.091875 0.091875
3 0.073438 0.898438 0.099688 0.099688
0 0.765625 0.698438 0.099688 0.099688
3 0.562500 0.826562 0.110000 0.110000
2 0.257812 0.843750 0.061875 0.061875
0 0.835938 0.259375 0.051562 0.051562
