1 0.767187 0.120313 0.095156 0.095156
1 0.754688 0.331250 0.134531 0.134531
1 0.764063 0.481250 0.134531 0.134531
1 0.756250 0.700000 0.105000 0.105000
1 0.760937 0.882812 0.137813 0.137813
1 0.512500 0.137500 0.114844 0.114844
1 0.515625 0.310937 0.101719 0.101719
1 0.509375 0.668750 0.105000 0.105000
1 0.504688 0.876563 0.085312 0.085312
1 0.234375 0.132812 0.111563 0.111563
1 0.270312 0.335938 0.114844 0.114844
1 0.250000 0.481250 0.124687 0.124687
1 0.229688 0.709375 0.118125 0.118125
0 0.207812 0.415625 0.096250 0.096250
3 0.429688 0.460938 0.075625 0.075625
0 0.359375 0.685937 0.055000 0.055000
0 0.618750 0.687500 0.055000 0.055000
0 0.762500 0.104688 0.072188 0.072188
