1 0.748437 0.318750 0.118125 0.118125
1 0.732812 0.493750 0.147656 0.147656
1 0.748437 0.675000 0.147656 0.147656
1 0.737500 0.859375 0.105000 0.105000
1 0.492188 0.115625 0.131250 0.131250
1 0.518750 0.329688 0.105000 0.105000
1 0.476562 0.481250 0.088594 0.088594
1 0.482812 0.704688 0.101719 0.101719
1 0.246875 0.142187 0.127969 0.127969
1 0.268750 0.293750 0.137813 0.137813
1 0.259375 0.482812 0.121406 0.121406
1 0.256250 0.693750 0.088594 0.088594
1 0.254687 0.856250 0.114844 0.114844
3 0.860937 0.820312 0.120313 0.120313
0 0.884375 0.637500 0.099688 0.099688
0 0.676563 0.301563 0.044688 0.044688
0 0.120313 0.506250 0.055000 0.055000
