1 0.765625 0.109375 0.082031 0.082031
1 0.754688 0.312500 0.082031 0.082031
1 0.771875 0.485938 0.088594 0.088594
1 0.737500 0.670312 0.118125 0.118125
1 0.732812 0.859375 0.098437 0.098437
1 0.489062 0.123438 0.137813 0.137813
1 0.484375 0.487500 0.137813 0.137813
1 0.514062 0.689063 0.091875 0.091875
1 0.490625 0.867188 0.127969 0.127969
1 0.270312 0.295312 0.124687 0.124687
1 0.245313 0.476562 0.095156 0.095156
1 0.264062 0.665625 0.121406 0.121406
1 0.250000 0.865625 0.114844 0.114844
0 0.726562 0.198437 0.096250 0.096250
0 0.440625 0.601562 0.048125 0.048125
0 0.621875 0.098437 0.089375 0.089375
