1 0.226562 0.107813 0.111563 0.111563
1 0.270313 0.315625 0.144375 0.144375
1 0.259375 0.495312 0.095156 0.095156
1 0.226562 0.687500 0.134531 0.134531
1 0.509375 0.126562 0.124687 0.124687
1 0.500000 0.303125 0.111563 0.111563
1 0.517188 0.670312 0.121406 0.121406
1 0.496875 0.898438 0.111563 0.111563
1 0.734375 0.118750 0.124687 0.124687
1 0.745313 0.476562 0.134531 0.134531
1 0.740625 0.873437 0.105000 0.105000
0 0.759375 0.156250 0.110000 0.110000
0 0.543750 0.118750 0.068750 0.068750
0 0.431250 0.317188 0.113438 0.113438
2 0.884375 0.887500 0.061875 0.061875
0 0.643750 0.182812 0.051562 0.051562
