1 0.243750 0.137500 0.111563 0.111563
1 0.235937 0.304688 0.111563 0.111563
1 0.273438 0.476562 0.124687 0.124687
1 0.260937 0.875000 0.101719 0.101719
1 0.506250 0.101562 0.147656 0.147656
1 0.492188 0.334375 0.118125 0.118125
1 0.484375 0.676562 0.085312 0.085312
1 0.512500 0.854688 0.137813 0.137813
1 0.742188 0.135937 0.098437 0.098437
1 0.773438 0.334375 0.088594 0.088594
1 0.726562 0.504687 0.137813 0.137813
1 0.737500 0.682813 0.111563 0.111563
1 0.735938 0.873437 0.082031 0.082031
0 0.406250 0.651563 0.044688 0.044688
2 0.525000 0.601562 0.051562 0.051562
0 0.929688 0.584375 0.048125 0.048125
0 0.721875 0.092188 0.075625 0.075625
2 0.118750 0.882812 0.089375 0.089375
0 0.420312 0.582812 0.072188 0.072188
