1 0.767187 0.104688 0.137813 0.137813
1 0.756250 0.289062 0.141094 0.141094
1 0.773438 0.490625 0.082031 0.082031
1 0.743750 0.695312 0.144375 0.144375
1 0.751562 0.865625 0.118125 0.118125
1 0.521875 0.140625 0.101719 0.101719
1 0.507812 0.320312 0.095156 0.095156
1 0.496875 0.523438 0.131250 0.131250
1 0.503125 0.710938 0.095156 0.095156
1 0.518750 0.892188 0.095156 0.095156
1 0.226562 0.109375 0.118125 0.118125
1 0.229688 0.315625 0.118125 0.118125
1 0.229688 0.509375 0.105000 0.105000
1 0.254687 0.898438 0.111563 0.111563
0 0.062500 0.242188 0.096250 0.096250
0 0.556250 0.412500 0.092813 0.092813
0 0.918750 0.098437 0.075625 0.075625
2 0.720313 0.803125 0.055000 0.055000
2 0.903125 0.531250 0.041250 0.041250
