1 0.273438 0.145313 0.111563 0.111563
1 0.237500 0.306250 0.134531 0.134531
1 0.228125 0.489063 0.091875 0.091875
1 0.271875 0.710938 0.085312 0.085312
1 0.270313 0.854688 0.105000 0.105000
1 0.501563 0.106250 0.144375 0.144375
1 0.507812 0.289062 0.105000 0.105000
1 0.510938 0.512500 0.082031 0.082031
1 0.515625 0.681250 0.147656 0.147656
1 0.742188 0.476562 0.105000 0.105000
1 0.759375 0.703125 0.114844 0.114844
1 0.767188 0.860938 0.101719 0.101719
0 0.559375 0.726562 0.085938 0.085938
0 0.895312 0.073438 0.089375 0.089375
0 0.809375 0.437500 0.044688 0.044688
3 0.173437 0.831250 0.058438 0.058438
0 0.212500 0.754687 0.061875 0.061875
