1 0.239063 0.301563 0.095156 0.095156
1 0.245312 0.490625 0.082031 0.082031
1 0.270313 0.710938 0.134531 0.134531
1 0.240625 0.853125 0.114844 0.114844
1 0.476562 0.110937 0.144375 0.144375
1 0.515625 0.314063 0.147656 0.147656
1 0.503125 0.501563 0.098437 0.098437
1 0.484375 0.667188 0.141094 0.141094
1 0.507812 0.859375 0.082031 0.082031
1 0.743750 0.703125 0.082031 0.082031
1 0.751563 0.890625 0.127969 0.127969
0 0.879687 0.098437 0.099688 0.099688
3 0.435937 0.196875 0.103125 0.103125
0 0.581250 0.214062 0.092813 0.092813
0 0.931250 0.262500 0.082500 0.082500
0 0.551562 0.659375 0.072188 0.072188
