1 0.243750 0.135937 0.118125 0.118125
1 0.231250 0.704688 0.127969 0.127969
1 0.250000 0.851562 0.105000 0.105000
1 0.484375 0.145313 0.131250 0.131250
1 0.493750 0.298438 0.105000 0.105000
1 0.503125 0.515625 0.105000 0.105000
1 0.496875 0.689063 0.141094 0.141094
1 0.510938 0.867188 0.088594 0.088594
1 0.731250 0.118750 0.091875 0.091875
1 0.753125 0.304688 0.127969 0.127969
1 0.757812 0.481250 0.098437 0.098437
1 0.764062 0.675000 0.121406 0.121406
1 0.748437 0.890625 0.137813 0.137813
0 0.598437 0.495312 0.085938 0.085938
0 0.151562 0.750000 0.110000 0.110000
