1 0.259375 0.126562 0.111563 0.111563
1 0.234375 0.321875 0.085312 0.085312
1 0.232813 0.479687 0.088594 0.088594
1 0.228125 0.670312 0.134531 0.134531
1 0.273438 0.862500 0.127969 0.127969
1 0.482812 0.106250 0.147656 0.147656
1 0.500000 0.290625 0.144375 0.144375
1 0.518750 0.690625 0.137813 0.137813
1 0.490625 0.895312 0.127969 0.127969
1 0.748437 0.104688 0.137813 0.137813
1 0.760938 0.296875 0.121406 0.121406
1 0.746875 0.514062 0.101719 0.101719
1 0.737500 0.685937 0.134531 0.134531
1 0.734375 0.885938 0.134531 0.134531
0 0.296875 0.125000 0.092813 0.092813
0 0.084375 0.840625 0.058438 0.058438
0 0.268750 0.164062 0.089375 0.089375
0 0.717187 0.562500 0.106563 0.106563
3 0.129688 0.787500 0.092813 0.092813
