1 0.232813 0.104688 0.137813 0.137813
1 0.243750 0.289062 0.141094 0.141094
1 0.226562 0.490625 0.082031 0.082031
1 0.256250 0.695312 0.144375 0.144375
1 0.248438 0.865625 0.118125 0.118125
1 0.478125 0.140625 0.101719 0.101719
1 0.492188 0.320312 0.095156 0.095156
1 0.503125 0.523438 0.131250 0.131250
1 0.496875 0.710938 0.095156 0.095156
1 0.481250 0.892188 0.095156 0.095156
1 0.773438 0.109375 0.118125 0.118125
1 0.770312 0.315625 0.118125 0.118125
1 0.770312 0.509375 0.105000 0.105000
1 0.745313 0.898438 0.111563 0.111563
0 0.937500 0.242188 0.096250 0.096250
0 0.443750 0.412500 0.092813 0.092813
0 0.081250 0.098437 0.075625 0.075625
2 0.279687 0.803125 0.055000 0.055000
2 0.096875 0.531250 0.041250 0.041250
