1 0.265625 0.148438 0.118125 0.118125
1 0.256250 0.317188 0.118125 0.118125
1 0.260937 0.700000 0.105000 0.105000
1 0.271875 0.890625 0.144375 0.144375
1 0.503125 0.140625 0.091875 0.091875
1 0.484375 0.300000 0.091875 0.091875
1 0.521875 0.709375 0.105000 0.105000
1 0.768750 0.290625 0.095156 0.095156
1 0.773438 0.485938 0.144375 0.144375
1 0.760938 0.693750 0.095156 0.095156
1 0.737500 0.895312 0.091875 0.091875
3 0.926562 0.898438 0.099688 0.099688
0 0.234375 0.698438 0.099688 0.099688
3 0.437500 0.826562 0.110000 0.110000
2 0.742188 0.843750 0.061875 0.061875
0 0.164062 0.259375 0.051562 0.051562
