1 0.232813 0.139063 0.085312 0.085312
1 0.240625 0.292187 0.137813 0.137813
1 0.251563 0.523438 0.101719 0.101719
1 0.226562 0.710938 0.121406 0.121406
1 0.503125 0.115625 0.147656 0.147656
1 0.479687 0.321875 0.144375 0.144375
1 0.478125 0.478125 0.144375 0.144375
1 0.767188 0.106250 0.108281 0.108281
1 0.767188 0.296875 0.121406 0.121406
1 0.746875 0.503125 0.131250 0.131250
1 0.745313 0.695312 0.114844 0.114844
1 0.773438 0.865625 0.111563 0.111563
0 0.675000 0.531250 0.058438 0.058438
0 0.095312 0.101562 0.075625 0.075625
0 0.404687 0.437500 0.075625 0.075625
3 0.221875 0.676562 0.041250 0.041250
0 0.621875 0.135937 0.075625 0.075625
0 0.451562 0.559375 0.075625 0.075625
