1 0.229687 0.129688 0.085312 0.085312
1 0.231250 0.289062 0.144375 0.144375
1 0.240625 0.521875 0.105000 0.105000
1 0.270313 0.670312 0.082031 0.082031
1 0.515625 0.132812 0.134531 0.134531
1 0.518750 0.489063 0.131250 0.131250
1 0.523438 0.864062 0.095156 0.095156
1 0.771875 0.121875 0.114844 0.114844
1 0.768750 0.335938 0.085312 0.085312
1 0.729688 0.692187 0.124687 0.124687
1 0.732812 0.882812 0.144375 0.144375
0 0.589063 0.334375 0.055000 0.055000
0 0.467187 0.620313 0.058438 0.058438
2 0.887500 0.843750 0.082500 0.082500
2 0.267188 0.856250 0.055000 0.055000
3 0.867188 0.653125 0.044688 0.044688
