1 0.232813 0.307812 0.111563 0.111563
1 0.257812 0.476562 0.111563 0.111563
1 0.239063 0.689063 0.105000 0.105000
1 0.271875 0.864062 0.098437 0.098437
1 0.495312 0.146875 0.121406 0.121406
1 0.500000 0.334375 0.141094 0.141094
1 0.495312 0.492188 0.147656 0.147656
1 0.512500 0.664062 0.131250 0.131250
1 0.493750 0.878125 0.147656 0.147656
1 0.731250 0.112500 0.124687 0.124687
1 0.734375 0.320312 0.137813 0.137813
1 0.754687 0.667188 0.098437 0.098437
1 0.732812 0.854688 0.091875 0.091875
0 0.914062 0.159375 0.055000 0.055000
0 0.448437 0.465625 0.055000 0.055000
0 0.564063 0.318750 0.051562 0.051562
3 0.609375 0.600000 0.089375 0.089375
