1 0.237500 0.101562 0.091875 0.091875
1 0.259375 0.306250 0.095156 0.095156
1 0.235937 0.503125 0.131250 0.131250
1 0.254688 0.689063 0.085312 0.085312
1 0.273438 0.859375 0.091875 0.091875
1 0.487500 0.135937 0.124687 0.124687
1 0.498437 0.296875 0.144375 0.144375
1 0.514062 0.478125 0.137813 0.137813
1 0.493750 0.664062 0.121406 0.121406
1 0.764062 0.145313 0.147656 0.147656
1 0.765625 0.301563 0.088594 0.088594
1 0.748437 0.506250 0.124687 0.124687
1 0.759375 0.709375 0.105000 0.105000
1 0.728125 0.876563 0.111563 0.111563
0 0.868750 0.515625 0.044688 0.044688
2 0.873437 0.904687 0.065313 0.065313
2 0.918750 0.754687 0.092813 0.092813
3 0.664062 0.562500 0.041250 0.041250
