1 0.231250 0.123438 0.091875 0.091875
1 0.246875 0.317188 0.131250 0.131250
1 0.235937 0.481250 0.101719 0.101719
1 0.478125 0.139063 0.091875 0.091875
1 0.507812 0.329688 0.101719 0.101719
1 0.517188 0.500000 0.134531 0.134531
1 0.490625 0.664062 0.147656 0.147656
1 0.493750 0.879687 0.134531 0.134531
1 0.751563 0.131250 0.147656 0.147656
1 0.743750 0.310937 0.118125 0.118125
1 0.734375 0.492188 0.095156 0.095156
1 0.764062 0.710938 0.144375 0.144375
1 0.773438 0.860938 0.098437 0.098437
0 0.323437 0.085938 0.068750 0.068750
0 0.843750 0.698438 0.079063 0.079063
