1 0.270313 0.118750 0.082031 0.082031
1 0.240625 0.317188 0.082031 0.082031
1 0.270313 0.678125 0.101719 0.101719
1 0.273438 0.853125 0.131250 0.131250
1 0.506250 0.306250 0.124687 0.124687
1 0.476562 0.484375 0.101719 0.101719
1 0.521875 0.707812 0.108281 0.108281
1 0.496875 0.864062 0.091875 0.091875
1 0.734375 0.128125 0.137813 0.137813
1 0.748437 0.304688 0.144375 0.144375
1 0.764062 0.507812 0.098437 0.098437
1 0.764062 0.682813 0.095156 0.095156
1 0.754687 0.864062 0.111563 0.111563
0 0.821875 0.426563 0.092813 0.092813
0 0.906250 0.309375 0.079063 0.079063
0 0.818750 0.385937 0.096250 0.096250
0 0.082812 0.506250 0.079063 0.079063
2 0.776563 0.784375 0.120313 0.120313
0 0.259375 0.762500 0.048125 0.048125
