1 0.239063 0.125000 0.141094 0.141094
1 0.229687 0.292187 0.114844 0.114844
1 0.229687 0.492188 0.111563 0.111563
1 0.257812 0.707812 0.098437 0.098437
1 0.231250 0.878125 0.111563 0.111563
1 0.489063 0.101562 0.098437 0.098437
1 0.523438 0.317188 0.114844 0.114844
1 0.506250 0.501563 0.147656 0.147656
1 0.509375 0.881250 0.118125 0.118125
1 0.756250 0.129688 0.124687 0.124687
1 0.748437 0.329688 0.147656 0.147656
1 0.735938 0.698438 0.095156 0.095156
1 0.728125 0.867188 0.085312 0.085312
2 0.935937 0.350000 0.058438 0.058438
0 0.500000 0.306250 0.103125 0.103125
0 0.315625 0.162500 0.061875 0.061875
0 0.071875 0.481250 0.089375 0.089375
