1 0.259375 0.104688 0.095156 0.095156
1 0.260937 0.490625 0.111563 0.111563
1 0.256250 0.685937 0.105000 0.105000
1 0.509375 0.107813 0.088594 0.088594
1 0.476562 0.290625 0.098437 0.098437
1 0.515625 0.485938 0.085312 0.085312
1 0.493750 0.700000 0.121406 0.121406
1 0.493750 0.881250 0.127969 0.127969
1 0.750000 0.121875 0.082031 0.082031
1 0.764062 0.331250 0.095156 0.095156
1 0.770312 0.509375 0.085312 0.085312
1 0.743750 0.710938 0.131250 0.131250
1 0.740625 0.859375 0.134531 0.134531
0 0.243750 0.925000 0.085938 0.085938
3 0.067187 0.140625 0.092813 0.092813
0 0.226562 0.218750 0.044688 0.044688
2 0.096875 0.178125 0.103125 0.103125
